9861
3039
9923
48
9227
6247
8310
2112
4410
4722
2021
448
3480
7798
1677
2963
2567
4000
1633
1504
497
801
563
5902
7169
8618
9543
54
771
2227
9608
9149
5203
997
5397
8932
4209
3077
5229
4882
5805
6538
6327
2990
7824
7691
8361
9472
425
8770
3807
9738
1744
6295
4904
1093
8005
3238
7475
3886
5664
9309
2196
6392
3053
3531
2529
830
6278
8499
1616
1677
2405
3064
1278
1147
6170
3266
6966
1540
9208
9032
9821
673
1763
2572
4116
5968
819
823
8754
4816
4234
2834
7410
7012
5222
4635
6091
3852
8180
8556
2092
1356
4790
9599
180
5700
3062
3729
1055
2197
8828
124
4754
2489
3201
9770
9301
3856
6349
7939
7165
9570
8649
6527
3991
8370
3416
7546
8480
3151
3737
5664
4038
1660
2984
340
4218
6405
3440
1597
8697
701
8224
378
8823
6313
3999
1422
9416
1050
7373
7252
4185
7224
3477
1250
9798
1794
2422
376
226
851
7889
6907
3054
1645
8665
9603
2285
1569
3886
7130
3204
7844
195
6953
5790
7031
9390
4971
4544
1205
5067
6979
6681
7942
4954
773
2072
303
5800
6382
5645
423
7698
6475
3314
9128
4633
2923
2655
2051
4835
6725
9140
2844
9098
6059
768
4082
7052
9543
8793
4737
4612
7417
2705
3421
7337
3651
6228
8536
8433
9876
9102
1361
5534
6091
9078
3248
5704
3598
7699
9396
5796
242
9705
6085
5931
7555
6397
9958
8841
4852
8329
9398
104
6500
4043
6029
3912
6772
5947
9849
3534
6322
2022
7593
5145
2346
6530
8973
4071
1659
2855
4451
7551
4132
9972
6561
4687
4682
4323
2021
6253
8833
2578
1026
8486
7420
3680
13
4086
2628
3295
8549
6832
7191
9611
7647
3339
6128
2322
2494
3295
3446
5526
7969
1658
1729
7770
8763
3663
311
72
1887
1750
6192
4657
4276
6169
9086
1212
6251
604
6390
3579
2874
2741
4578
4425
2927
5923
8370
9362
3703
8834
8629
818
986
2042
5306
2132
660
1826
6893
199
2286
8099
7659
9420
2648
6262
5099
6063
5387
7611
8183
4354
7343
5138
4023
1729
2983
2770
9321
1928
5755
6516
4699
1177
8185
322
6894
8233
1364
3191
6245
6430
2714
5113
3438
1787
5985
9449
1453
7835
1587
2783
1261
1277
7504
7675
5904
6700
2315
1759
7639
2001
5958
3845
1535
9794
2801
8952
948
1029
9633
6913
7353
4618
7054
9400
9350
24
9806
2793
8417
4241
8089
8590
6719
9763
5094
5071
6302
1005
8297
6315
968
1490
3010
8421
6511
3244
3788
5685
3021
7323
8642
7951
9380
254
145
5589
1790
2015
1837
9573
2062
2772
4642
7195
3541
1664
6439
6039
7338
1468
1548
3415
2315
4149
7009
7432
4491
4388
2378
7234
682
6207
4533
6425
8708
9842
5430
5400
822
82
5729
4156
3831
8822
9122
9970
6999
2195
8580
1896
5079
860
6286
7753
8255
318
6225
4891
6328
3803
6444
8038
8087
7779
6136
3603
9743
8322
7196
6455
5061
4311
1162
2478
2718
871
7283
6526
5962
8879
5614
7047
4134
9887
1852
823
9529
4468
2823
7048
9334
8151
9195
8662
7890
5321
6018
9019
7010
7455
9981
9471
3088
6104
4730
2773
6004
4161
3483
8689
3393
3945
7226
8408
5472
8430
1873
7100
9837
7575
9100
8383
5690
5388
1907
3856
3790
5965
9536
3295
4203
8320
1901
6902
9578
8759
6552
2644
5088
408
5698
4566
1938
8093
7258
9918
5801
2145
1553
5999
1005
6200
5305
3507
31
7763
9666
6415
4567
8296
3824
114
934
3555
6288
9129
5140
7258
7447
9181
5365
3616
7498
1233
5733
8914
2109
7064
8552
5479
4651
9090
7980
3008
9618
6246
8493
9483
6926
772
270
8415
6694
3252
6813
7550
1969
38
7230
4393
1111
3454
5832
5187
6970
2351
3912
7123
4202
7164
8672
6221
750
4635
1021
5393
5906
6704
5546
3677
421
2224
766
4028
5492
626
7021
4118
6269
2829
6781
4868
3280
2798
9688
4316
2783
6923
7154
3657
2002
7433
1000
2200
8094
2620
4129
6220
7889
7092
8314
9284
8080
1797
4180
123
6657
4105
3387
8348
4217
1471
2264
9759
9842
8048
9698
2954
1194
2308
872
2195
6414
2781
1767
1916
8613
7265
4089
584
3831
7000
1489
6291
7854
16
3336
5162
4674
1336
817
3209
6775
9101
6992
4251
820
7162
769
8820
9881
7157
2230
1112
5415
9350
4624
4320
9697
4174
4774
8450
8066
4311
1739
530
2803
9201
120
9875
6320
9153
196
5969
1657
2981
6301
7587
2961
5662
15
4804
5728
5875
6410
8040
3953
6820
1980
4539
846
6936
5202
2178
67
7123
2962
2760
1949
2020
7195
7634
5790
9084
9022
8634
9458
786
7916
6175
8621
2456
5005
7046
4539
8864
1887
9
1977
5587
2374
4236
4695
2060
6112
9435
3473
2277
8202
4327
740
3157
4092
4369
6337
3052
3956
7581
8784
139
6811
5341
9558
9446
3426
2941
4495
424
9892
8674
515
2715
9995
7559
194
5490
6491
5176
70
9453
2454
2632
134
1789
7501
5984
6843
3784
7601
9174
1121
4322
2832
9721
7372
5262
6930
9237
8027
2664
4169
8767
9107
4643
2620
5973
6430
8465
4728
5832
9161
372
743
4560
7489
926
7498
7844
9755
3082
3928
947
5895
2705
4534
3563
1638
5740
1377
4572
9907
7611
8554
6439
9646
9492
2366
5050
1667
9173
791
3213
9427
9692
7252
2841
6353
5109
4773
6638
8546
7914
6497
9534
4658
6373
7130
434
9167
629
1726
7491
2243
8822
8139
4259
4536
3127
617
770
9666
1181
692
4594
4516
9414
9722
8243
8163
3070
199
1388
2379
2710
3743
9641
9292
3352
2705
6975
4083
8899
251
408
6154
7137
5093
4430
3153
8793
1341
6108
5633
4892
3146
6776
6195
182
4869
1366
8876
3328
3468
4811
1845
9587
9012
7362
866
8266
2215
6638
4606
45
3377
5310
909
4968
2896
3004
9075
8983
3318
5347
8923
2225
1492
5066
1915
