7910
7677
9042
9625
5725
7498
1570
9184
5495
1351
78
1843
2411
9821
9291
1394
987
9628
8887
143
4376
34
4792
3748
9901
9955
5274
5066
404
9932
3622
2961
852
626
5224
8949
3486
5849
4770
4345
2645
8241
6788
3897
3432
3087
4926
3512
7752
3119
4489
9404
5596
3583
4928
5336
8754
2590
2993
7534
5351
404
68
7552
9320
1894
7960
2569
8275
4680
9217
4581
8160
7030
775
5448
3299
3689
5851
364
2629
327
4989
4756
6595
9930
6249
2843
8080
5555
101
8719
8670
7620
1941
9241
999
3977
7784
4288
2602
9514
7543
3902
9254
9940
4636
552
4453
6575
7103
2515
8885
1771
7231
9335
8702
6817
3994
349
302
1941
214
4650
3347
8812
6646
4805
4280
9276
3224
7734
4887
2861
4139
3243
7909
5682
874
9195
1429
7372
5908
2643
5854
7726
3934
9489
9130
5306
8973
5972
9376
5209
4838
2165
9202
9036
3433
8739
7035
7194
4523
7079
8328
4707
3956
6330
945
1475
8153
373
2437
4491
547
3735
5415
2033
1217
7359
9450
916
6508
1538
4658
4772
1168
1917
6703
5080
5716
1108
8842
6975
3220
2532
6170
7802
9032
5000
2049
7193
3966
8146
69
7922
2074
829
4025
9368
8362
6550
694
3718
3960
6492
6833
906
1420
5648
6115
7278
2453
1738
255
8069
5179
7368
1814
8135
1007
6285
6969
8363
5812
5062
1337
6280
3835
8910
7798
6294
3411
3826
6525
9544
1752
3394
2309
2910
5778
2000
4939
8206
1213
7210
552
982
9695
3455
5281
1047
4435
620
5227
7560
9696
9383
7616
1645
781
1210
2585
9781
1069
7261
8339
4856
4929
417
5593
1633
8986
477
3393
5926
6567
6282
20
7969
4318
4334
8203
1480
2546
7685
568
5704
3737
3076
6655
9605
7139
2587
633
1197
4678
5324
5906
1665
4478
8772
5436
911
4532
1280
1377
1812
7969
8196
126
5500
2381
7756
1330
6823
9347
2301
8277
5163
5926
9349
1259
8622
7778
7378
6495
7858
2169
6889
953
6884
6211
3371
5340
2813
1284
1544
7228
480
6280
418
8467
2005
570
4891
2532
9583
6978
8926
4647
6487
7327
7008
9314
8766
3371
3838
8533
5113
1637
9555
5385
8706
5265
6312
5768
7468
8597
6016
4969
6252
8370
2201
3913
7762
8266
6777
6376
7739
7854
6591
201
8664
147
7200
150
1041
5270
8164
2397
4817
6681
9944
3714
6021
9601
2192
6979
6864
6747
6104
1333
2372
6205
4745
1829
4544
4786
7748
6015
1041
1852
935
5273
9059
9322
9733
6443
4370
2580
7279
6174
8849
2382
6113
8575
6016
4709
6723
2240
3360
2824
8291
3812
6205
1452
4114
1909
6364
6667
3572
5910
7115
4686
6426
2594
3711
3023
3090
4188
4123
6508
4955
1027
2046
2019
2317
2721
1665
6667
3019
6614
5361
469
3452
4162
1168
7258
9036
3992
9986
2276
687
5858
2066
2005
1693
8836
5743
5161
4964
4962
5894
8471
8199
6333
4117
6250
6509
5734
7418
434
8367
3102
7093
8196
1712
5843
9595
1698
4737
9483
2502
1325
495
2149
285
5691
6512
380
3168
6993
7941
1324
5609
4923
1155
5419
3953
536
2222
4907
6987
6871
8180
3728
9639
1708
2390
9463
6337
4212
2708
7398
1234
7741
1187
8581
7370
1576
8033
1704
370
5273
5986
3731
8884
527
3575
702
5980
9484
102
7186
3063
1844
8753
9106
9054
7412
7986
4375
2176
6098
8773
5240
5258
1087
6399
4311
8142
2429
2558
3022
8
2639
7583
8280
1302
6469
6493
1281
3267
1878
2082
14
8513
6296
2107
6898
374
3480
5517
587
9128
4760
2428
5971
5648
353
4496
1411
3597
8351
9544
7151
7845
136
9365
6520
3090
2401
9142
5920
6548
1528
6619
9574
420
9799
3699
2195
9032
8153
6920
7568
2367
3589
4319
9136
8188
5369
9606
93
8172
1624
2360
7708
4260
9683
5462
3867
7750
6605
919
6174
7986
7122
4796
