525
965
8945
4981
8455
2800
3051
9541
3811
6822
1251
4634
1917
1449
9969
7034
5380
5281
7684
3115
6885
9797
5227
7641
1359
5108
6838
8626
5521
2755
6868
449
913
7599
1607
9712
5796
7691
8654
9493
5177
499
5128
3170
4946
1203
2216
1010
3043
9830
5234
4142
289
2489
5207
394
9777
4722
1528
3419
3673
6170
993
5111
6858
1545
1475
6247
9886
6631
5122
9393
7713
8830
993
5448
2385
4432
2587
8980
8578
1107
6596
954
7962
4619
1444
2165
3980
2586
1987
9298
3824
6388
8386
8964
5982
4521
2550
4733
6807
6239
7379
2788
9180
5907
7789
9036
6771
8599
1585
5612
2649
4186
60
2590
906
4874
3986
1311
8307
7086
5328
2152
2684
5962
9990
9161
1445
7410
3905
273
138
9151
7207
3237
9381
9579
4663
402
2447
4033
239
9221
6529
8270
937
5087
6741
4596
1593
966
3241
2718
4238
5668
3209
6047
1641
5302
7406
7980
9398
1594
7033
6597
5872
6104
4505
1331
1932
8090
7568
6842
7174
9431
908
6429
4487
2219
9966
4643
8894
4529
2731
2669
9001
1174
6547
8204
9262
8512
5122
8235
3663
4465
2776
7067
9093
8005
8453
9762
2433
8384
5796
8863
6542
9329
8527
3475
627
909
1824
5537
1906
7857
9549
6280
4932
711
574
1415
3278
3048
1872
7013
5111
8184
7005
6520
2355
1755
2541
77
3219
2913
686
5068
9224
4641
6333
4853
789
9951
7124
6861
1627
7566
2676
4890
9249
898
7832
1153
2572
3162
6582
8920
1449
2099
7962
4151
717
7081
5982
5450
1479
5099
5353
41
4633
3828
264
5485
6853
2851
9218
8433
2476
7766
1829
6876
5765
725
4292
1869
4145
8485
7759
5985
9931
7207
6754
727
319
1440
7083
3554
1640
6746
7292
7565
8468
49
3770
9376
1381
1600
2834
682
4630
3803
8525
6285
6163
5892
9039
9757
5150
5342
6679
2451
4207
2886
7969
1893
5127
3617
7350
3058
2436
3335
2785
6005
9028
8568
539
3875
3920
7597
7078
7618
5457
9325
5212
3675
7058
8244
5015
5521
3530
6454
1606
3013
5872
3321
6974
2328
4819
3521
4792
9234
6290
1789
150
4443
5094
8400
2872
9915
9929
3994
8631
5036
5227
7944
2822
5866
7383
4546
3445
8750
628
4420
8929
4989
1613
3313
1700
5905
3768
9550
8273
3374
9975
6158
9598
7378
9894
8851
8921
338
6886
23
2170
6405
6279
9442
6626
6321
4332
2692
3911
7117
3109
4217
5159
4547
3234
8625
3058
3154
6410
2993
2131
5239
1336
7437
9525
7514
7282
4900
3630
7276
9609
2017
4528
4218
1805
7578
1919
5682
504
6248
2262
8795
8152
3759
6274
9163
97
7218
3933
734
7714
7538
4527
1795
5104
7104
221
2935
78
5641
438
1406
8404
2424
5858
6192
7759
5192
432
8074
9257
111
3278
6988
120
1454
9500
9606
5179
5807
4225
2169
8479
3332
5522
5352
3126
9068
8802
1897
6298
1213
4404
882
3513
1590
8790
3574
3350
8449
6650
7520
427
7900
6977
666
4529
6573
9090
6785
92
5171
2331
7485
5451
6747
7072
9251
8435
7552
2267
2282
5907
1281
3467
2352
1296
1946
6620
4428
691
115
1126
5696
7989
824
6561
6274
993
8175
9070
942
6262
5263
758
6520
2921
6982
291
1408
1696
7760
6338
5389
1058
6945
4418
3051
3129
8125
1774
25
1607
3140
3510
1160
4900
8939
3625
5518
1662
6990
9770
436
671
7734
5746
9512
5377
9118
1778
4987
5816
1148
9221
3154
3596
204
2154
1532
2
6952
4772
2148
3040
5567
1645
8594
9126
1276
1490
5385
2274
993
9992
4184
8021
7993
2813
5097
3050
6006
8503
1661
6535
5509
9543
1761
3298
3979
5877
7768
5933
7902
1912
8066
9656
4108
6652
8212
2518
4321
5067
8185
2839
5800
300
1811
2749
3932
7862
5832
5285
5903
8049
6966
6944
7120
2753
1169
6287
6853
9067
3184
6410
371
2483
9554
4223
8937
7959
9298
9887
1897
4943
656
7947
1599
3313
240
413
2912
5299
9322
1148
9218
4250
3884
9049
9428
7495
1126
5520
1968
9444
96
5204
4736
5143
6871
2961
5074
8887
278
2783
1033
8061
4804
3465
6012
9446
5508
8843
5302
4247
524
1443
7811
8003
6170
2416
3843
3556
5316
2526
2834
7243
7685
8721
6113
5211
7559
5267
2801
1088
5360
3521
1504
5009
415
1120
1719
7501
8126
7675
8341
6664
6041
9778
4519
8514
2795
290
2
2720
8969
537
8514
5910
5947
7893
4060
2948
3763
2992
4382
1497
8799
8427
3575
7074
170
8385
9212
8102
4134
1142
4488
7562
6634
6256
2800
5808
1691
8674
4814
4925
129
242
9790
9735
4876
682
5511
8715
1712
4447
5443
8803
9609
3536
9439
4601
3287
7417
6122
550
3150
9463
563
9711
7924
8181
5354
1368
3603
3383
9680
9161
2219
1432
156
2757
9827
7449
1755
6853
2089
7693
65
2978
7006
9012
6039
7335
7292
5123
1238
2941
5172
8396
1453
4389
182
4375
6404
1838
1104
7103
1032
4599
9490
4517
3066
6695
6438
398
1431
1708
4644
3303
3845
9031
5266
6439
7760
2170
2651
7968
4847
2986
7822
9069
1939
6287
5026
9930
7751
7587
5697
3006
4078
9548
322
1794
5323
8901
1183
7764
1394
8836
9232
3077
6891
132
9666
3415
7924
8640
9922
7754
7184
2066
3355
2854
7776
4231
6489
7361
6687
6360
8207
7615
3519
9844
7033
5238
3731
3475
1930
796
5745
9394
2813
6258
9474
2156
3354
6630
7872
4573
4178
95
7977
9955
5501
3069
5873
9243
9647
5166
6536
8796
4568
5734
1225
1216
8608
9697
8898
5047
956
7908
1983
2857
8783
8633
1578
9466
8779
8
3781
9866
5115
2759
3665
21
5541
8054
3865
586
6470
6309
2534
4918
7047
4177
9399
4161
5222
5168
312
7098
8989
9204
4778
676
109
8792
9551
5666
9178
6741
4083
5544
9455
6179
8393
7194
9337
1174
8390
8850
5593
2011
9989
8177
745
2454
1977
4602
1425
6180
5199
6082
1486
3605
7902
6479
2529
5003
3463
7370
7531
9121
5120
8863
8489
8308
3971
9168
8259
8935
8187
5369
9255
5075
1436
5068
5972
3630
6591
114
432
6684
5720
3091
8418
17
3777
7222
1819
5802
6504
8741
1184
5751
788
856
3616
1501
8850
9073
2503
1554
2167
998
934
8494
1701
7199
3573
8301
2300
1158
8568
6254
8026
4177
4397
34
9322
4795
993
2184
5248
166
9791
1072
7942
9689
1736
4477
2412
8671
8071
3246
7500
2457
3738
4706
2788
6050
3240
3298
5814
5087
9009
1017
2618
1105
1470
3377
7669
5157
5217
1146
1238
4451
6896
8470
6869
8255
7212
2734
3222
5363
1831
6166
8826
7166
4305
2264
391
1348
3608
2128
2687
2409
419
6581
9945
7261
3168
5609
9535
4996
8372
2686
7939
5012
4111
4755
3887
2840
6979
3293
1333
6822
5405
6114
6182
7180
3736
9525
5044
9857
7668
4945
9877
4550
6748
1546
9805
2939
229
973
8453
5558
7529
3144
9428
7516
1455
5565
2104
1347
3441
2938
4591
8438
4784
3035
6270
381
3591
3666
2617
618
6949
4279
1887
7495
9692
7250
1542
6830
7520
9590
8141
7892
2911
7739
9785
8998
2346
2951
1031
9936
1966
9952
1009
3251
286
9985
7137
8370
4525
3569
1151
8389
8751
3848
2331
63
4213
4580
914
1894
9398
3865
3329
9083
9025
9174
2153
5968
561
4020
7837
7772
6353
1341
465
8996
8968
2947
1690
3185
5569
9088
7546
1643
3093
9216
9297
3188
6234
7866
2795
6793
2332
4516
1966
622
7097
2172
4645
2134
6464
1816
4443
8194
5294
7643
3829
8633
8615
2778
986
2326
5091
2985
8227
7822
3560
9191
7824
9925
6203
290
7380
2085
2155
2882
3268
2716
919
8939
1558
2682
3089
5476
5472
7387
4271
9207
7966
3555
909
9891
2692
863
9333
8804
6545
4911
3854
2128
8752
6216
2954
8776
4146
8235
8733
230
1093
4145
5977
203
7112
7539
5648
4222
5962
7603
2372
3634
178
2381
9090
4502
1866
1497
1214
5036
3610
869
7022
1401
3992
1760
8666
2052
464
8559
3659
2532
8613
5369
3333
7252
7789
3286
7952
9395
2443
4432
1069
5837
9884
7554
7846
6083
3107
6110
2738
3125
6094
4533
8486
4688
8468
5927
3793
446
8082
6333
4290
8316
112
5515
6183
8631
2550
7290
2037
7269
3923
8335
2144
2225
7870
4962
598
4832
3958
32
5136
4361
1132
862
3353
1735
3621
8579
5840
6324
8128
4636
3465
5171
580
1473
8506
4779
8915
2567
5513
4480
3124
538
355
3770
2315
13
3521
3548
9807
6496
5115
3942
390
8040
7599
1839
5364
5582
4043
2823
4773
4965
519
1875
9325
6930
9282
8000
9330
6108
577
7915
8065
9626
2420
7543
9969
401
4223
3989
7295
7331
1317
2602
976
6106
6274
3751
1786
1278
2658
8241
3007
2473
4374
4332
7661
6882
4420
666
9116
8644
3401
2544
1581
7964
2420
4513
6207
5174
6980
4269
9371
2000
5093
333
6896
8549
1628
6629
6752
5729
1378
2381
4732
1902
3853
5302
3438
4000
9453
8076
72
7966
4691
5413
5476
7285
6887
2355
54
4689
3757
5231
5389
2255
2216
3311
9052
4994
1161
5502
5299
5401
9664
6072
4209
2673
8180
8571
4993
1864
8727
7348
4216
9986
259
2677
1233
6092
6827
8157
6096
7393
325
9600
4988
7855
2181
5312
8693
3437
8634
2757
4111
7511
2270
1799
7520
3479
7140
3415
7886
9902
7616
6331
7617
5922
7961
3874
3963
2706
7813
3090
4154
3610
1858
3575
1795
1980
1786
4291
9833
4049
4338
9116
3410
6408
3420
2834
3727
9226
7330
4009
8220
2094
3723
6210
2081
4466
5127
8706
2787
434
885
2238
6538
3130
5243
8731
9570
7415
6748
2846
5367
7974
4592
6098
8256
4137
4366
6864
9104
7668
1193
5966
626
611
482
6620
1818
1905
5164
3872
3334
5078
8539
7297
1442
9358
9071
555
727
3430
9011
2171
1796
6797
9743
4048
3979
5920
3853
4262
8000
2473
9951
4997
2950
5450
3537
7765
5053
4160
7923
2288
431
9022
8080
5975
5957
5413
6147
1459
7319
7876
2494
8249
5651
58
9178
9344
2833
2940
262
9912
3634
8071
1469
2567
2491
9225
7564
6914
9744
937
7066
2458
5708
1929
113
5740
8668
8124
2940
9205
4933
4026
3173
5363
8946
9761
2689
716
3540
8080
7716
9933
8850
5833
9435
3155
8667
7964
4501
2009
6414
1485
7108
7606
4300
7957
3991
9057
4376
3704
9864
9710
8468
3329
8661
6951
6995
9527
2589
7669
2950
1329
9461
637
269
5688
9161
9056
5195
7914
8354
3149
7547
3504
9949
9958
6601
5836
8018
8399
9787
5219
388
7342
1997
8359
2211
7753
1712
3152
2222
8950
2565
3761
212
967
1651
1013
9000
5504
4793
7917
7422
5857
1763
6633
315
1829
4645
3142
4148
7306
1755
1660
1871
1408
4349
9774
6319
1178
4341
653
8166
8849
3217
9140
8294
5886
4678
8385
1042
5909
5589
1401
2766
8436
169
8934
6432
5037
6545
529
5099
5157
3785
7926
7937
8559
8174
9009
8400
3536
7410
12
3173
4591
3615
9576
4076
3336
4983
1596
4745
5673
8991
6831
7898
2950
6513
1145
3246
3285
4245
2666
899
3099
1409
4735
3454
1474
1458
1010
1942
577
9808
827
8130
3532
9716
3346
5255
7930
4697
2011
2993
6734
4101
2993
6849
5731
8175
5872
5093
8330
3652
4023
2570
1522
6795
5949
2319
7217
7946
7530
9193
4640
6106
2992
2684
7737
7618
3137
6936
9286
7531
6681
84
5435
7775
6063
5049
314
4493
6805
3190
9994
2694
5990
7018
2693
7700
2190
2774
952
2569
1313
3150
3232
217
9258
1565
221
6707
2206
8612
2019
6628
1481
9982
4088
1327
292
2510
642
8019
9921
477
5576
1721
1540
7435
6226
116
1566
9985
5781
1066
1690
7237
9855
8408
5980
2707
5407
3488
5813
9780
9544
3392
5011
6658
3730
8046
2202
2531
6360
4270
407
208
3742
38
2290
2698
4602
6909
2499
3641
9178
2291
7803
9665
5375
7146
8224
3517
6980
9162
3083
7883
7773
5839
8682
7536
219
3203
1730
7916
4320
5832
6296
7288
4506
5475
3470
1974
6260
3667
9415
1407
4701
9733
1259
78
6959
7718
4452
6575
3656
1365
700
6894
4123
7824
8544
2362
8295
6277
2739
218
5001
963
5315
4623
2168
9625
2482
9145
7023
9565
4539
8930
2185
944
4684
3017
7878
2904
8405
7985
7175
5966
4641
7455
4412
5113
8449
365
4273
748
4998
2529
2248
5696
5948
303
6622
7441
8845
8902
36
562
4093
7519
5586
8691
3846
6408
6395
7187
470
4319
3324
3943
6154
750
1455
5767
1396
307
3314
9051
1044
9749
8353
277
972
8154
6049
6395
879
8877
7618
8857
2749
6650
4194
566
3872
9859
6505
1322
232
6560
8181
9666
1139
9135
5212
2772
2054
2954
4304
1527
3218
3536
988
3375
8793
7670
380
2723
4175
2640
1222
8366
7236
6544
7985
9133
5271
5769
6753
27
2355
6423
647
3647
9566
3163
5988
569
8548
8690
4579
1420
7673
268
8245
114
9824
3429
2919
9015
5168
4926
510
510
6502
9574
6271
6003
7262
638
8173
7535
7163
2838
8521
2536
8007
1840
3667
2087
7541
6876
8284
2197
6566
126
9238
6194
9991
6320
5161
4036
9196
2577
7529
9065
39
3232
5283
4790
7113
7467
8688
5517
9334
5973
4056
6828
1573
3803
6806
2934
6578
8385
9447
5030
2645
3305
5970
2495
6052
8353
5934
891
1107
1173
4222
4029
5725
8906
8027
3025
2977
4542
1714
35
6721
9759
8554
9581
3489
4270
9287
7890
5461
3224
5792
3501
8890
9638
4892
3419
7858
3413
8749
2347
8558
5764
7411
7754
616
431
1528
3596
4695
7177
1680
7598
6952
3198
6399
2848
5025
9019
6039
3954
1279
8628
938
5490
2430
4661
3120
338
8129
6251
4706
5229
2421
4481
4875
7446
6559
705
8352
2301
1678
6755
892
3564
8376
868
2264
8405
9667
5679
4777
1857
1551
4269
3378
6587
3321
3543
8193
4900
8654
2983
4891
3567
5677
2268
6905
3237
5436
6729
7645
6666
1861
6134
882
6678
584
8650
1754
3507
4892
7507
1709
944
7982
7141
9646
4483
7014
5519
2865
9045
3092
940
8116
9217
5452
6910
2279
4526
8352
1691
2467
3801
4845
4197
9440
3569
571
7656
7802
9824
3746
7287
5233
1701
8375
1601
4415
9651
1220
3247
8997
9870
4033
2787
1748
5829
3158
8377
5990
9270
3069
4116
6200
7402
6678
5624
6808
4584
7758
9958
5598
9819
4118
8361
79
6705
8153
2655
996
1956
8459
7530
6343
7415
9553
2806
4619
8284
4806
40
869
1117
4543
6551
6772
1275
4189
8040
2673
3199
6892
4663
2395
9285
3989
1559
4661
4036
2430
3224
5467
5152
2523
808
4233
2738
7815
4524
9626
2696
9989
6947
4291
7017
8603
4287
8438
2370
8743
2094
327
625
717
8813
6290
9894
4206
8183
3895
3830
3231
3513
3265
6834
4552
2527
6910
8898
7835
4751
3421
5244
6776
9224
2825
4912
6332
2495
6378
4937
5156
6646
5882
8097
3344
1185
5462
6069
2024
9384
3114
1266
4366
8920
1184
7117
5510
83
5274
125
5746
7017
9383
3735
5074
2008
6274
5132
1293
7444
9003
4071
1878
8236
9782
6301
3388
5998
5654
4201
4726
5332
6056
2719
7301
4118
7153
4052
1669
8267
267
3371
8829
7499
7134
6793
7781
7002
8763
8655
8471
8087
7946
7718
7725
6714
2816
1527
6828
2026
3275
7930
4633
3196
3627
7434
4463
62
7021
9116
7005
1394
2696
5665
8615
5290
3392
7682
272
2336
9409
6145
2954
9702
3348
2504
2190
7221
1720
391
4276
8994
3243
9490
6617
6140
5781
7644
7245
7008
4345
5948
6321
3825
9732
1241
6426
6630
9280
3
6568
1787
8395
1478
6638
907
1617
9583
3218
7350
5713
5808
3422
7814
7402
9026
7886
4316
3888
5642
1485
3422
1497
9687
1933
7354
9129
8993
3903
3643
4059
1794
946
3750
383
4940
5734
2194
442
2959
3371
6136
4584
9371
9707
2643
7007
536
3313
3972
7809
2530
2012
6223
7009
8437
8620
7839
2251
916
8816
8649
8018
3527
6948
6750
405
8317
9473
3669
4966
6419
5031
3296
3101
4011
2008
8612
4273
6320
4575
1134
4857
6484
1537
4700
39
579
5496
894
5141
7645
6443
7018
3419
8364
8048
4875
8537
1598
2814
8516
7164
859
9712
6953
4605
3015
702
3084
8146
904
5338
8117
8372
3514
2038
3149
5057
4549
2533
5483
9624
9013
2458
3642
9221
7520
4970
1848
1011
5094
1169
2620
3869
7871
587
9766
4374
6149
1997
7276
6293
9608
9535
5899
1754
3363
7920
683
7616
1914
9281
4447
8963
2469
1985
4192
7141
5773
700
584
1598
8359
8168
9043
7866
2265
6953
698
8535
7345
4355
553
5519
3270
1420
2386
8148
1895
7930
5569
7980
3669
5067
3016
4946
9137
9470
622
8746
4366
1975
4232
7615
5310
1334
8399
6534
7271
8680
9075
8746
2375
5397
9639
4101
2684
7746
7577
8879
5336
4175
9691
9570
6701
690
5812
4933
9427
2669
2399
4115
4138
3100
5491
9315
2940
7553
103
82
7393
3891
802
3550
6717
1774
7438
7814
1204
7944
9312
253
9609
2631
7252
2679
6613
8342
624
2849
1994
8711
2744
8573
2087
1868
2785
4271
7899
5695
6796
6931
2306
3374
9806
7174
4095
6908
776
7849
2260
4966
4610
8990
7934
2020
4365
2952
1881
9434
6050
1661
4650
7919
4977
4005
7740
176
4122
501
1539
6532
833
9104
1228
7678
8292
6706
4414
3946
3405
5342
3825
255
2594
8511
6727
2873
7790
5794
7817
366
2555
3546
1686
1763
3785
4063
7714
4328
8904
7004
8124
6831
7563
9328
8818
8064
964
9703
2497
6925
3813
9049
532
3276
4034
3526
5820
3376
9901
3958
8413
3040
9610
8135
8747
