1803
3162
7933
9670
9192
9229
2747
2713
753
3464
1111
9579
1348
5435
3435
8300
9740
4691
6788
6661
6067
1477
6262
9641
927
1246
4557
6068
6989
9062
3564
9099
9649
9614
8484
7576
3995
2964
5063
6306
9318
5837
4319
9981
5027
542
5527
5754
516
711
5212
5835
5281
6369
3588
1009
460
2906
3305
8379
1474
1301
1069
8632
1487
9827
3044
3922
9731
8104
602
2722
5079
9143
2499
4087
4841
6128
8545
4988
4417
265
706
5064
5155
1715
4285
3401
4379
9050
5821
5291
6766
1542
8404
5206
9248
3314
9233
6640
229
3156
1988
4994
9490
2172
6934
9450
2868
404
7926
6439
5953
333
9361
1256
7735
9765
1611
5602
1255
6344
4013
4499
7853
6290
3434
4790
9625
6911
8497
8183
6805
9054
6718
5237
876
6128
4324
6875
3917
4047
7880
3021
804
4561
5397
6610
9145
5361
9806
9566
9964
5552
4449
7597
4311
6056
2582
8671
1214
5357
5608
1717
2067
8322
437
8635
7929
9195
8992
3692
3253
3489
8504
6394
5038
1853
2678
5516
8642
9573
9396
8771
6379
5466
6373
6555
2557
3851
1171
6805
6153
6633
4443
1311
3363
4872
4295
1838
3757
5902
7110
9668
8890
6882
9940
5569
9529
7296
3499
2109
1166
6168
4172
1641
5407
1477
6128
600
2540
8443
9715
4439
5363
4890
5821
6391
1947
2528
1223
9481
8940
4051
9205
7062
4312
4714
2147
663
464
5794
7439
4151
3927
967
8669
5830
3270
516
4921
5330
796
1506
1462
5793
3071
2975
7036
3350
2098
8699
7428
8369
5803
4388
8784
7201
5118
2333
1485
1400
7721
9428
536
4587
8955
2964
2408
6578
4497
2751
1825
7000
2992
2234
5711
8250
9869
397
1770
4611
142
8679
8909
1198
9352
9464
3437
1503
4084
2852
5290
2257
5649
2206
792
2271
9163
452
1119
2094
5418
134
8045
4461
8947
1598
5021
3934
2667
151
9372
3348
1080
2700
2656
2912
984
7437
6496
9468
2170
3515
1176
3928
3931
5208
1924
8312
7526
7790
1214
8182
1154
5961
2878
8342
9950
8682
9956
4672
973
7001
2336
6962
4121
1382
5037
4622
4835
5566
7480
5203
4863
562
7475
6692
1006
6137
5765
7658
2059
2795
5162
3196
7802
923
847
8495
6262
5981
2635
5492
631
227
8096
104
6549
5378
9119
3810
7347
4834
7011
3816
3243
4637
5299
9067
