9197
7002
655
2359
1573
411
6342
4982
7905
9034
6042
4610
9967
2736
9772
7815
7158
9369
5644
9263
6334
3183
2123
7771
3767
3618
3025
1850
6503
5171
1509
8839
6725
5979
4198
1802
6423
9024
8720
6875
4721
3053
6480
1966
797
3235
7927
6857
7880
6643
1557
9500
9923
9849
990
7375
4198
5876
4962
6075
952
440
1218
7013
1728
584
629
430
6117
2104
7653
8033
6192
8100
557
5099
8089
4319
6566
1586
541
8394
7819
5451
8025
5382
3454
6684
9359
64
9523
1981
7959
1170
1993
5676
1319
1077
556
3118
9301
3993
1250
3369
9015
8749
2061
6314
337
1306
592
7197
2900
3198
3212
1782
9771
6424
4544
1913
6350
4627
3886
1814
2975
6550
1717
8435
4346
200
3475
2736
7800
3250
1596
6306
107
8421
7685
8736
6661
1641
5147
1458
5063
706
5936
7741
8780
8361
3543
7853
9299
5743
364
1176
136
9181
3679
1147
9889
8924
6209
6005
6966
9436
2076
3663
8914
8648
7050
6858
7549
277
2723
1681
6390
2685
9083
2530
6676
3925
7853
1490
7533
835
5274
847
744
1405
4522
902
4028
923
7052
7729
5258
8269
645
8839
533
1549
9137
4421
8709
6620
8902
9977
3391
9187
3429
8763
3527
4894
5131
9110
5297
7235
5232
1733
429
9033
9399
5469
9149
7945
2401
892
6146
9792
9090
1667
3320
4423
2256
4132
5729
9715
5827
5042
