9245
5800
7209
5563
1676
3115
2900
2776
7050
9368
6648
8415
1200
3001
4980
9253
2926
9991
4762
3213
5205
311
1007
7828
1143
5536
3806
1531
5856
1371
2530
1067
3211
451
7688
6977
8134
2578
1220
5669
4847
8858
2757
8925
5369
4575
6574
9719
9712
7074
3493
4565
859
5675
5108
2909
2737
6559
4376
4354
9301
138
9499
36
7426
21
1713
7557
2105
133
7693
8898
4807
8433
9550
9399
3025
7916
5948
6302
7766
7023
4560
2239
8113
1722
4106
7408
4555
7510
8159
2077
8017
6137
6381
2258
9999
8053
2345
2832
9382
3186
2953
3872
3885
6592
1456
1388
8613
6236
9890
3895
9571
1922
102
9087
8894
7045
5589
7275
1188
9660
7110
9905
6414
9714
2298
3335
8146
4822
9967
3883
8390
5970
6701
3133
9631
2939
397
7473
8385
4996
761
9641
4882
6378
4831
2941
7494
6184
8468
4457
8463
420
3528
7985
9388
6955
6314
6241
2378
3804
2951
4783
8987
4122
4740
2980
6021
8997
5928
6925
4185
7205
3378
6642
2256
5367
129
4720
300
4454
5830
9825
7431
8150
4054
2978
6606
7598
5946
6870
1652
6822
7818
5384
1951
7989
6480
8277
2088
7820
5478
122
9091
9681
7193
5696
1284
2801
715
227
9745
6075
9965
2515
2915
2919
1106
1904
2445
7143
9671
5016
3027
8317
2401
4963
1368
6042
4608
4732
5956
3420
6619
9313
6540
4801
702
5917
5525
7603
3820
526
288
1557
8901
4044
8737
8704
6562
7237
2413
4996
4892
4375
3984
4326
545
8895
4450
645
4869
1598
2331
3020
2551
1935
3518
9567
2982
7652
4075
3093
7743
5743
360
5518
1112
8701
9596
3994
6970
6484
5820
3436
1802
9844
2528
3614
9993
1429
3779
8624
2685
2699
107
5683
363
2869
1704
1333
6606
3380
8383
4976
5040
1289
3032
3926
9523
9352
3350
461
6658
9518
1556
4604
4851
1777
2110
7016
6987
75
2675
1117
3922
9056
1500
5809
2266
9965
2499
5393
4563
4228
2554
8093
6928
7272
6410
7460
1939
2627
9951
1228
5924
2074
5647
3688
2657
4544
7016
9654
5279
674
4411
2651
3149
4248
5388
4695
7628
6977
8308
7126
4587
5239
5493
1123
3108
1696
319
4026
8697
9901
392
3005
1413
4132
2249
9383
1749
1237
6471
1376
2265
9830
3898
3074
3798
4176
3268
1575
9354
3738
8894
7762
3782
3256
5812
4138
9865
120
4441
330
8925
8155
5829
9787
6366
3124
5764
3321
7996
6678
7267
6152
2132
228
3357
3938
4552
2172
6282
9211
1277
4702
5556
2600
2597
737
9036
6717
668
4398
3391
7481
4220
5416
7457
891
8345
3217
3310
7313
4703
5539
3947
3699
2312
4486
8383
5363
7995
5916
9094
9830
4474
3362
2735
4444
1503
6340
6321
3433
384
581
2408
9749
930
3322
8773
5523
2365
1580
3924
1398
1526
6400
423
8186
4848
1263
7382
4209
6630
8457
9990
7374
6643
3920
937
7682
2290
2472
1409
8824
1162
1386
1230
5727
4080
7905
5322
2929
4306
5279
4573
4878
6040
7223
3605
5573
8148
7453
4717
1727
5360
2704
7120
2071
8991
2804
8956
5601
6269
7268
3942
2963
5353
9393
9046
8205
4733
8041
343
3032
1509
5293
8280
9518
9033
6723
7246
8872
6327
6702
184
5496
4952
2805
3209
7862
6166
9919
4176
5282
2859
4851
765
8567
4352
7597
4573
4209
7527
6198
4476
259
2718
5153
2990
2590
190
419
1766
798
5885
2881
7033
5729
1176
2089
387
6914
553
2099
7997
4152
518
2800
7012
7160
7597
271
5313
3318
1432
3831
2521
1152
9757
1779
3289
3041
3459
1704
3148
2562
8127
9232
6126
6265
4851
9323
7521
9796
409
1053
7229
6913
817
9526
9469
2365
6326
7857
315
2325
8023
9995
3122
8710
333
6674
8819
5544
9959
6756
7361
2819
9811
8304
7754
2845
4319
7572
4801
1924
7216
2872
5885
4559
1484
9122
3513
3540
6323
5207
5211
7258
801
354
7312
7467
1802
2196
8854
3186
4348
7725
6897
2315
1594
9257
7643
1512
2524
8007
1280
5525
485
6650
8899
981
9473
1126
1270
421
3948
4381
9965
729
27
1755
4790
176
8073
9889
6340
5865
9724
9484
1531
709
9914
1134
1441
6806
7827
5054
5360
9605
820
8822
8811
4143
4430
1725
1866
7088
8688
7469
3262
574
3858
6653
9664
5988
4077
8792
1747
1387
3611
5910
366
3503
2047
3755
3633
8436
709
5608
4307
5304
6648
6789
4851
7519
3098
754
236
9386
4891
2625
3538
1615
9145
8944
1401
1239
6531
5104
6126
9991
9108
8766
9313
8597
8700
4008
7986
8291
5451
4478
7194
8377
6198
3533
9333
7448
8240
9290
8514
3608
2098
5522
4978
2556
3932
8066
9974
1680
1719
7749
5459
8950
1728
5686
4167
104
4373
9049
5651
7634
8997
6592
799
4451
2331
7223
824
7847
9748
7008
3089
5071
6447
7781
7842
2615
1245
118
4099
4687
3523
1353
5049
512
4456
6095
837
718
644
2554
616
4526
2
3065
5124
1395
2502
9642
2566
6429
6916
3176
527
4645
7016
791
5342
9237
2151
3734
5127
5711
6187
241
8600
3550
8562
1683
675
8095
2559
545
5136
2577
2316
9370
2145
7069
2086
9799
2191
5268
9684
6510
9456
254
6941
5053
8896
5052
9996
4736
7946
5541
2136
1193
8415
4272
9222
3563
3361
3914
8047
6791
520
5975
2902
4056
5575
8876
5327
2424
9275
1792
4374
3902
6038
6197
6235
1582
2451
1644
5522
6630
9858
3601
7372
6762
8684
5273
3571
1955
4535
6727
3434
7357
2189
7826
5271
5813
7015
121
3994
889
8250
9325
6567
6808
1693
5606
6096
6121
8547
7296
9544
6428
7220
5268
1775
4853
6049
43
7745
1274
29
4857
6881
7505
4222
4032
5294
2716
8523
5597
8563
7103
6189
1383
121
5444
5277
4317
3295
8636
3547
1500
6431
1048
1839
7403
4591
2681
4099
7447
5024
8321
7399
5364
8568
9542
113
2793
5411
65
