5760
1299
6695
3197
5868
8428
9882
2165
9597
7054
4389
626
358
3
5204
5020
5387
9378
158
9842
7639
7902
208
1233
5941
9100
9143
17
5497
8039
4438
7116
605
3407
3187
3571
3676
5719
1077
7838
9104
205
6153
1114
1832
2451
5748
1472
4740
5117
7169
5184
400
1685
8217
5918
2032
2335
9642
9790
9130
5811
5849
9762
4366
906
4175
1670
6617
3805
2892
2241
5721
860
8259
978
7179
9190
8248
501
2282
5826
709
482
9279
1234
9794
6415
517
5716
2078
5951
428
3799
6683
1966
7278
8282
4189
8620
8270
5935
4729
6661
5524
1816
