7081
4704
8965
9437
140
3033
3587
2205
4539
3616
4818
3539
4086
4505
7883
7939
129
4030
3047
552
6395
7603
2311
5142
465
9869
976
4103
1006
6380
4609
2624
7395
7408
614
9993
3701
2467
1912
3209
5094
5371
6617
6247
9928
5911
8960
8142
2990
3933
4863
5357
1002
7037
7305
4900
2370
4968
8468
8033
5071
9141
5325
2278
3386
2895
5241
6151
4584
6430
463
1649
8593
4390
6453
9597
8533
8978
4339
5833
142
6571
8158
5201
1106
936
5224
8112
5805
4859
5351
5329
2021
8776
5690
1335
3586
4523
3881
7546
251
1949
6665
2287
1642
7606
7716
8999
4584
6284
7865
9724
1009
6259
4607
2092
1625
3560
4470
107
8276
3056
6150
6163
9533
5742
2733
897
4691
2067
7066
614
8402
2060
1392
3293
7346
8498
9157
7658
9038
8342
4243
3244
584
167
1746
1642
5759
8470
4958
7571
6003
9692
3881
5756
8502
4677
8263
1666
4460
8989
9889
581
2165
25
9521
1278
3339
5232
2404
3590
6499
4695
1233
8561
4482
7127
1392
9179
6970
563
4246
8917
110
5236
2470
5303
3078
6245
5869
2697
9729
5921
9857
3912
9982
7484
7757
600
5303
6404
5838
4001
1398
9977
6283
1755
513
8910
9083
449
8181
4918
6334
2505
3415
4020
1421
9773
3442
3056
932
4759
7769
3337
6840
5093
2540
9102
9602
4613
1149
7521
9261
8148
490
8625
8250
5797
1659
7442
7835
6068
3542
9
1639
1881
1496
6915
6529
9047
6211
512
3274
9724
4326
1328
1283
4733
4900
7288
357
16
5788
7147
3735
5961
1242
3645
685
5423
6930
7009
7076
9903
8281
4513
3849
9242
3841
9164
2808
9302
4282
8648
8743
3838
8411
2364
8518
2425
6234
6607
5127
9135
3797
9688
5515
6935
4050
1135
1413
4059
909
58
141
9620
2337
7396
1749
9852
3013
8977
5351
2694
6092
4657
5920
8273
3835
5650
634
5309
8875
4738
3598
4068
2801
1275
7200
8557
5270
6337
9136
5257
5495
2577
4371
1275
4576
3982
3567
9742
3733
5175
2749
5822
3168
2327
3133
495
191
658
2698
5392
4375
2864
6154
1428
6208
6887
7174
5077
4956
6922
4870
3855
8901
2587
2044
8488
5013
9819
3691
5116
7005
3094
9679
5599
8415
5421
1675
4593
6796
507
8537
9395
3572
1765
7954
898
9021
9851
4520
6647
3951
6858
8095
8753
4981
8609
8789
1676
8255
7679
1436
949
4946
9102
6023
3793
6503
6328
3871
1267
8770
3529
6834
7853
2484
4143
1405
9667
4080
5668
1964
1114
9735
9284
3711
6710
6641
3655
8969
8952
7035
8739
7465
7433
3689
5216
7801
4149
6235
5696
1415
2006
371
4148
636
525
9826
4552
6337
6424
470
7523
3953
2672
3918
7163
2425
8883
2948
2825
2797
1173
3803
7969
9182
8930
3556
7386
9760
974
4529
5567
5306
8310
2829
3834
1658
717
131
784
6978
86
9227
339
5525
4038
7136
7662
4759
6527
7482
114
7333
6829
1796
615
430
8711
6033
9633
1898
8800
4203
2072
3917
8940
6607
9113
8603
5924
8024
783
3853
7120
8844
8661
2396
2837
2770
2133
8613
1255
8820
6059
1282
9712
7537
3731
4259
712
6244
9517
4693
8104
3914
9921
6296
3816
5511
2465
9381
2307
8117
4662
3339
6309
8816
4608
872
7833
6450
4932
1523
8828
9974
7566
8417
8874
1006
55
7777
546
4555
108
8834
1027
7388
9883
1039
4161
8609
436
9717
5665
5360
9584
8579
7854
1059
5612
7463
8044
8484
8960
6434
3980
5842
5376
8655
9264
630
6013
7240
1132
3384
1658
3929
6152
8633
210
5897
4261
3315
1968
2970
7170
4439
8865
8836
8846
2475
9812
335
7520
4687
3715
4965
2524
406
4018
6618
1498
1334
8818
503
3238
1136
7233
4551
7609
4374
4071
213
9900
2459
4097
7010
9964
7147
4202
892
1981
60
8002
2198
7328
714
2488
9660
7261
8517
9156
850
3464
6561
9522
289
7822
1745
9535
5565
9902
3551
4009
5706
5088
2495
368
5814
8393
963
922
7068
3811
9225
1252
9307
7876
7307
2833
7385
7040
8478
7684
7976
7874
6683
7974
2954
9502
3749
4872
3458
3459
433
9075
9755
2716
6597
2957
5581
1944
3983
466
9144
7784
6369
9787
8491
9875
5935
6693
4191
4433
5312
2492
9023
3432
2584
1113
5100
9727
2445
8227
2295
6074
312
6124
1495
1632
5602
3138
6506
2492
4675
5593
2664
7373
9459
7887
9533
6088
4553
80
8384
6520
6464
8740
1964
7039
6654
566
1596
1587
1603
2414
9209
6325
7373
5555
5888
6352
2995
2709
6394
2813
2554
6095
8380
253
9222
6489
1965
2796
8368
5379
8099
8681
3661
2302
8645
220
4633
1079
5478
231
3098
5017
8283
7207
2258
2206
6821
6581
6204
8836
9939
6199
932
5164
8388
6862
9834
5035
2130
1077
9926
991
58
4459
5759
2980
4968
3504
3828
9358
6450
7613
159
9750
2657
3343
5681
1146
370
9191
4107
961
3584
4242
3267
222
9098
3013
1479
6591
5778
5358
5530
4831
3187
4277
1297
3598
8375
4746
7745
72
4998
5915
2887
7356
5878
2962
8999
3277
6797
359
3452
343
6126
5348
2912
428
3551
3961
5550
6061
7253
11
6489
6521
5820
2517
3407
5748
2854
4535
4214
6092
9582
7153
6151
6952
8080
2856
1041
4839
4202
2516
3274
2063
4666
9369
157
4481
296
9860
7780
7800
5488
9609
759
8221
1884
7711
574
2884
8719
4131
1101
7063
7314
6094
1996
1468
2773
7801
2194
6024
4969
9727
9873
1763
9095
3819
2514
8708
1289
611
5233
725
6894
4560
4714
2027
8216
2040
4153
1339
5390
1321
6957
6543
7958
96
4900
8829
1504
4876
2572
7309
300
6564
8967
7984
7754
4796
2913
2211
5328
6817
5922
6227
8421
148
2672
1100
2139
7124
4237
7715
3103
9588
9002
7584
4791
267
6729
892
495
7295
7619
6100
7872
283
8681
4718
2689
953
4377
9574
9391
7790
5426
4992
8244
6762
1421
2504
9831
1976
8267
4868
5619
8812
9784
5038
1510
8825
2717
1849
1651
1137
7324
8155
3651
6078
928
7393
552
8892
5723
8874
1573
3514
2780
7682
2388
3161
555
1161
9402
5710
1037
5049
2102
9468
8704
3537
3124
4936
8258
6195
375
3325
4984
1848
5328
1188
6819
7563
2699
8191
4170
7751
473
977
7147
603
8732
9999
4736
8072
5217
6325
4369
2121
904
9210
4084
871
384
6854
2143
9186
4759
3560
1990
8305
8018
9698
1619
4179
3877
4018
2073
5742
9593
9342
2558
