3607
3387
822
9728
6254
8366
7648
2757
780
6486
1918
1145
683
866
6139
2948
9313
8482
2478
7141
6461
7564
3538
8171
3156
8491
2891
503
2591
4143
4526
9740
66
9872
1248
7101
5819
4418
8364
6233
3996
3533
6836
5978
4212
3794
6305
4351
4393
7770
3906
1185
1098
6343
984
4885
1664
6888
4667
5350
5398
6647
1391
3881
2977
9452
48
914
6573
441
4325
9215
8788
3751
1600
2241
2262
5667
921
8178
8675
6565
9998
9758
5663
2853
5804
9521
2617
7100
1131
323
9978
5870
776
7997
7048
8970
9077
5977
2337
6449
7872
7614
2521
1902
1101
3668
3077
324
5823
8381
259
4681
7615
5545
3760
8475
1507
3715
4034
1481
2227
2306
7356
9237
5242
