9700
6502
7286
5157
1065
8296
8060
395
8771
569
7913
6500
1041
881
1903
4062
1946
1329
7644
6053
7484
5363
972
7664
5578
2858
1312
5819
2398
4190
7834
9634
3733
8490
7261
9664
2744
4763
5900
8476
910
8983
1697
2851
6996
5855
4051
4420
1811
8341
1937
1775
9367
2695
9238
3380
6595
1205
4130
2379
14
763
8677
6758
1057
819
1751
9784
2912
1381
6336
9058
7211
6411
3227
3072
4207
7304
1044
9338
8086
6916
1929
4966
4408
958
8697
373
9409
8373
2806
1043
1410
185
6026
1605
8458
7511
1612
6858
7910
6088
40
2204
4465
1336
6945
1545
8556
8083
7350
8112
5805
1665
1302
9545
9820
9455
3752
8160
7577
1306
5706
3952
8268
5288
8333
1764
6761
4756
345
3997
9939
4926
3041
6098
265
4732
368
636
8045
9116
4306
3378
3519
3436
9841
666
4827
3920
7343
3108
