4292
5256
7278
465
3526
9970
3875
4104
9046
3792
2609
6171
9153
2598
5631
3585
4613
5606
3980
7656
3069
6650
697
1615
9706
1978
8239
509
6415
3179
3787
9162
8949
9445
8338
9560
7640
1069
4973
7409
7978
8480
8242
2504
6144
7640
1307
1006
550
8015
7172
6756
7942
6704
254
327
4544
8639
3539
2821
5986
8194
8796
5422
8506
8670
7009
6550
8923
1932
4460
1650
8258
403
9389
3587
1878
5939
9698
7539
3721
1673
5002
9464
1913
999
3484
5600
1627
5796
2414
1021
7282
6071
6918
2023
231
4727
8361
4578
8922
1338
3132
1616
3673
6540
4398
515
8729
3586
8989
9433
8527
9562
5888
8780
7642
9622
8669
6716
4456
8739
9284
4685
7952
4999
3266
536
43
2565
8331
9362
5918
1264
4026
9578
8317
3923
516
417
1813
2860
7987
3127
5193
6055
1649
5202
9962
5880
5644
236
2693
866
4202
9147
44
3790
8354
3387
3638
3110
5358
8399
3433
7789
7712
5165
413
4218
3292
7299
7652
9627
8752
8929
3379
5270
1425
9799
6527
1071
