7918
5402
461
7931
1335
4001
1913
4917
4320
3358
7572
4027
2211
8613
594
1905
9148
8836
602
9167
815
1741
4666
5223
5065
8650
7130
3334
5311
7099
4334
1189
6945
8210
9159
8041
3663
3951
3111
2579
3906
2595
3434
4017
4299
9169
9558
6285
7872
8263
1139
2760
5359
7570
8321
5372
6775
4298
4323
625
9739
5625
1830
2500
2471
4632
2960
6674
2210
2684
5107
8073
9152
4830
5011
9691
2536
8266
4982
532
9064
5282
3912
1800
9132
7822
3160
328
9256
1045
6333
8457
4217
8303
1538
5771
2825
3872
6364
5685
4413
6042
2595
9487
7202
6943
2095
964
7430
394
6405
7107
2226
3009
3993
1600
9967
3216
5098
7294
2524
14
6868
6033
7036
3005
8287
9151
4972
9589
1672
6433
617
6413
7302
8002
1061
1862
5522
1052
1467
2468
6441
4827
8596
7350
4270
6369
3328
6081
9098
635
2856
3202
3703
946
875
9485
8868
7009
8478
7920
3512
4926
1023
6193
6382
1104
8135
4162
1432
7990
6832
7976
8653
8010
796
6384
1803
8895
4155
9653
8798
1784
8492
9052
6598
6107
3517
8753
2221
5881
1148
3448
3530
5773
3196
4367
9896
7809
9154
8620
2232
6224
1205
9123
5582
4596
527
1769
9767
1647
1124
170
7277
5617
9787
6217
