6066
8089
1876
8271
9425
2102
6714
1422
8115
176
5941
343
3156
2192
69
3155
8186
2322
2394
4883
9732
933
6912
7419
3585
408
5964
6610
9590
8869
472
1563
1979
1445
131
2944
803
3167
7100
6374
1097
9187
5231
7181
3370
2529
9456
4241
34
5179
8828
5140
1758
6457
4943
7195
4754
3584
7905
1525
6196
7101
3966
9586
962
9289
4844
8442
1359
3315
2385
2117
5794
6912
3185
982
8876
7691
3667
5999
1199
7771
585
7500
3149
6721
6536
7182
8472
3508
1171
9918
3257
498
2631
4790
3797
3394
6746
5882
6603
1984
6842
65
6847
8178
8835
8146
5943
4165
3131
2872
2420
3127
1023
9383
2146
1584
8503
6468
4075
8369
6980
7365
6580
9371
4012
107
6117
3530
5090
97
4561
3320
1754
2195
6046
7737
7427
4013
3625
4774
9245
5160
4190
2237
422
9954
6438
1658
5539
5322
8416
7812
9395
7537
7450
6567
3694
580
7609
218
7819
9438
6409
7112
3211
5953
4251
174
4306
6300
2469
2104
94
2086
8449
9851
2375
7537
9112
2822
4039
2502
1873
1679
2330
4497
3230
9989
944
8259
3849
8107
2817
643
6634
5448
7309
1904
4000
1046
1975
4091
7562
5946
363
6106
3840
3640
6141
3138
8817
186
2526
2
5786
9565
8229
894
9246
5736
5788
3254
2944
9804
6705
9229
3103
5244
6361
4595
9451
6680
7153
9406
377
5855
2564
7860
1635
8445
751
8803
2318
902
1649
293
900
4829
4945
6420
5032
2641
9048
6678
7614
8228
1602
8661
2508
