6171
7545
3678
3779
6584
5701
6555
5808
7270
8044
5075
8146
2488
4734
6240
19
7895
3709
930
5163
2223
1357
8929
4196
2088
5006
3543
6503
4888
5619
8092
7203
3673
5725
9941
7189
9037
5965
2004
2363
8551
1922
6401
5738
948
8069
4589
3636
4067
9499
7829
2525
2249
2904
6871
4865
5257
2015
3041
9900
8849
1614
1859
754
2563
4171
241
4211
1220
8852
3461
4028
7242
4779
5169
7310
4462
3890
578
8813
1344
859
3910
1061
8271
5471
8688
3942
9229
1780
2257
1456
1471
6006
974
2394
2532
3698
7018
2483
8539
4014
3046
6053
1946
6614
7018
3701
4937
3373
3662
891
9872
8561
8167
9804
4051
4839
4378
4739
7371
3338
3399
6804
1754
4484
2027
1025
5382
3824
6696
9546
8415
8427
5949
3314
9512
2563
2036
2420
4751
9105
2273
9231
7789
8693
7226
7817
942
7171
5766
8570
8523
6203
3660
7847
2849
6445
9067
275
1710
2037
8158
1045
5129
3101
5251
1408
155
5599
1862
6700
3192
2045
812
2795
967
7666
5218
8800
3782
7765
3724
5963
9874
555
147
7221
1058
4145
6030
8634
7906
8344
3021
6322
1984
2886
8350
5991
2970
4015
3653
1628
4284
2384
8789
4008
4453
7762
328
9314
9351
6536
7070
934
5530
4945
7965
6338
8179
8183
4969
9388
3441
4911
1196
5377
468
1694
9466
2514
7248
1396
9034
1258
9051
487
2981
6692
8275
8935
6544
4765
2845
2481
6835
6333
754
6685
2853
4039
6412
3901
292
5243
2840
9037
1015
7262
1006
3162
2822
1083
6782
5323
231
981
4695
2122
7612
1392
2719
1024
2289
6541
3341
9310
6359
8356
5410
5830
2542
1949
3808
4382
7736
2342
5145
201
9287
7633
7156
286
3015
6953
3004
5171
6018
2260
1195
9667
8145
3437
5014
1348
3559
9478
2467
3218
724
894
382
5991
254
1245
1897
2758
6937
6309
4789
5041
2776
13
1049
9200
6072
9557
9527
2169
7723
3853
8208
987
507
6385
8496
2820
3201
2486
7135
7628
2330
4812
435
3592
8424
8504
6924
7429
7640
9553
9003
3762
1966
7698
6687
9623
8760
1349
8054
8999
9407
781
6822
9205
2706
206
545
158
5811
8830
3384
7604
2362
6726
8692
6449
6396
5387
4657
8377
8397
5373
2427
5221
1849
1835
5127
6683
8702
3085
2371
8711
2178
6365
8789
6768
115
9227
8807
8784
3654
1334
96
7293
9723
8766
2092
8251
4575
9217
9161
49
5533
5937
5668
3911
9492
6256
1186
5820
2101
9661
5058
5062
7211
3020
6504
2719
3431
4376
1426
5605
2464
8325
8876
3186
688
3358
5010
5419
9382
8570
8333
5229
6968
516
4046
4807
4991
18
4748
4074
9723
8346
4390
6457
2293
4744
6488
7620
9381
9784
5874
3926
7001
5733
9903
6312
5287
3342
9932
5229
4715
7126
694
4161
3758
7447
2582
3766
1702
3293
1179
6416
4450
2825
7484
9101
9509
2606
1997
5512
543
4810
8498
5311
6078
5484
1205
1029
5683
2420
221
4319
2943
2210
5244
8891
9812
476
3621
2293
55
5770
2883
1270
1637
5092
8606
2741
4701
5733
5465
4486
2403
939
6092
7761
7397
8240
2542
8670
7055
4784
3441
4969
1452
4636
5097
8926
8463
6277
2201
8970
9672
2343
5726
5270
5319
2471
7740
6271
9652
3926
2431
9744
8325
8138
9410
3959
3420
4814
8776
3227
5493
3972
5438
6283
9403
4199
2532
5869
9137
8241
9847
6047
3626
4061
8496
4524
7769
3706
5438
9212
14
2688
808
8944
7530
9897
8325
2759
269
894
2213
7439
4005
9611
3037
1005
5162
8267
696
3242
6396
4525
7974
976
7684
7609
4348
1972
6499
6946
4168
8029
5230
2448
7501
2546
6152
5483
7030
3845
5299
1847
1595
4650
2443
8459
8263
6407
3809
3936
2523
2602
5704
5750
5869
2982
6138
7958
5991
8851
1245
4042
6974
3724
1065
1327
6493
5126
2367
4675
1777
9843
7633
3997
9323
5627
9440
7430
82
2833
4843
5970
3144
6246
835
980
8666
6046
9664
7731
4909
8854
3032
3777
9290
7910
1535
3049
668
1430
5027
371
5798
1720
1682
7477
8020
8275
2161
132
5957
8839
9565
9390
8702
5323
6257
6925
3152
533
6442
7283
9705
4140
9007
4093
842
2729
4478
371
3319
9187
1355
148
3721
454
2695
603
3548
5855
4169
2180
8950
4457
5727
1380
3031
569
6793
2418
1436
5327
671
5531
2066
5204
8121
9451
3285
3096
2869
4321
4356
7204
5973
4693
9779
8687
2704
8155
8211
4364
3683
2449
5895
7998
4351
3988
8550
7155
8315
495
7966
5448
4279
6370
7499
2729
1652
2867
6947
82
5886
2685
7015
6081
912
4004
3353
7751
9606
7113
4131
7495
8646
3704
4012
4964
6722
5506
3603
7856
2401
7070
5777
8282
523
8166
2796
7036
8212
8529
2259
3203
5355
3994
1578
8469
3828
2118
2959
8832
230
471
7255
2143
2018
1522
1213
9545
7866
1980
7353
2975
2562
3402
9174
9655
7013
7832
1230
3605
7147
3648
1508
3296
2080
8579
4559
9563
7127
6307
1888
7654
7607
36
881
103
5915
1008
4150
8462
452
1076
4558
4268
4941
6004
5212
2218
8885
7166
8553
9649
3834
4286
6719
277
6464
8767
6826
6072
28
2152
1301
3974
501
2344
8722
7782
4160
145
3467
2692
1330
5815
583
68
5131
8511
3963
9268
4930
4072
9870
5919
7432
2519
7988
9507
142
8125
1478
3177
4818
7337
3671
8680
2441
4151
2543
3634
8890
9897
7131
929
1584
3728
9359
4727
6051
3012
1553
3422
8886
2341
896
471
9425
4557
8501
4049
7100
5898
2562
1254
9489
9911
4803
385
6955
8206
8941
6927
6360
9815
2859
86
9909
4372
2432
9242
5402
6042
8033
2406
7482
1881
1777
7044
7555
5926
776
3723
3798
7935
937
9906
1240
1788
8044
2580
9484
7063
6868
4644
6575
3066
5185
8477
1817
6792
1557
4364
658
4727
932
8896
8333
5023
7177
5866
2160
3543
8317
9702
9831
7441
4301
1943
65
4541
5612
7740
4235
3473
2691
7562
4591
2719
389
502
7930
622
7892
3470
6468
5938
3564
7907
172
8288
1434
319
9921
3284
7833
9384
664
7629
8610
5023
3030
4198
8584
877
863
2313
7110
4387
1171
3566
4295
1598
4223
2710
4562
5733
6978
4816
6188
8415
3347
1587
6572
3491
2017
499
1920
3083
7703
6532
2622
8266
264
9826
6873
4246
5549
1145
1651
4145
883
9603
1330
1982
7683
4658
5310
8143
483
3737
7880
1458
7687
7465
7234
4578
8630
4866
1448
8664
6205
8096
86
9643
4912
269
5362
4911
7099
1454
4259
7918
5809
9840
6416
3770
7659
9849
561
9237
704
1902
4870
7533
54
8750
9077
5532
1412
6614
4080
5868
5425
857
527
1478
3337
2223
2691
2933
5799
259
3116
8136
1873
3218
2559
4424
5701
5893
2269
7774
4766
8876
676
7528
2629
403
6562
7190
717
384
1377
9786
9652
4780
3484
4351
792
8675
9711
4073
5504
6564
3455
2942
6477
621
1796
6050
1779
1405
302
2967
4654
3047
6936
10
9822
1062
1233
4552
2771
7228
1237
5602
3910
1785
2592
1120
6965
423
6932
8892
3414
789
9368
2115
1003
3043
2743
3459
9341
4665
2833
588
5289
5780
2864
1755
8815
5775
1135
7957
7345
4403
4477
2861
1836
4437
1257
4684
1606
6151
5771
8314
4044
4222
9282
5995
2910
3664
9517
6372
6130
4600
8940
9433
8845
871
9593
9834
4085
119
7829
1871
6864
3069
712
8543
3284
2513
4191
1564
8296
6056
2549
4684
9224
9454
6370
8503
7104
6793
5142
1402
241
2279
7494
1966
1959
9406
7025
2678
977
8665
3118
9226
5979
3159
9844
4981
8587
5211
9982
6820
4060
3163
4214
1575
2342
1699
2782
3083
2092
903
1001
1934
967
5955
8045
6031
6742
5989
8007
998
9322
3433
8972
8803
8617
9680
1652
5713
404
778
4563
6479
385
2861
1859
7551
9261
9186
4205
5110
1511
4869
2088
2385
3221
8694
8083
6664
2183
271
7625
746
8315
9127
5521
5058
4605
7940
8729
4572
1898
2295
4507
6355
2217
3403
2384
4125
352
8083
4800
996
2358
3372
3104
5786
3979
7737
2967
5031
1400
9413
3745
1359
9268
2522
4261
4748
3975
5670
537
7260
8740
5469
852
1471
34
1339
6126
4955
2145
4085
6505
9394
9824
141
4609
5476
2841
6529
1169
3097
8202
7319
9241
7379
5712
1723
474
3926
6776
9396
6210
7866
568
8726
4470
8686
2038
3412
9748
8150
8902
779
1483
997
4968
6503
8459
4589
633
4071
3050
2676
883
6058
9313
399
9254
1406
2754
1523
4506
8587
8520
3279
2249
2503
3832
9599
2109
714
2654
6858
593
8671
294
4770
6510
7838
6242
2961
6550
8599
7448
6407
7955
659
8205
1249
5811
886
1848
4667
4584
4792
9167
4869
864
9972
9904
6302
9420
2856
1091
1255
8562
1533
1921
9848
9530
5046
4191
9715
2708
6204
1579
3187
5044
1115
5629
1317
5820
1177
3241
6076
2474
3759
953
9418
8580
8087
4180
1123
5562
7017
2163
3438
2683
8429
5246
298
4969
4508
6578
3526
9888
5966
7622
242
1265
3752
60
8281
322
35
4408
3351
9904
6131
955
8780
3003
8584
4851
3656
5499
2670
8989
5304
5417
6378
3623
1459
9563
5751
5835
2988
6753
806
2632
4792
6825
1078
7749
4887
7654
6799
8334
481
8846
2249
6398
9765
3103
1716
9295
2957
7628
6910
7470
315
9930
5935
5576
6455
2868
3581
9343
9826
4298
280
2345
3966
2271
9170
8153
9185
8987
1438
9956
9314
716
5909
9347
1581
8842
8902
7810
8734
3589
4957
8159
1908
3961
4564
2985
2318
4171
6949
7779
9289
7316
9808
8695
6882
886
6335
4043
3082
5854
4253
6677
1496
276
1787
9197
4882
5822
9109
5762
2036
1877
9656
6247
7281
1077
357
9957
2362
8449
1825
5045
3542
1791
5855
8143
148
5152
9833
9314
8813
4004
8890
1249
3983
2655
8814
4504
5550
7572
2563
4245
8370
1429
3474
6962
9262
9871
6999
4455
4102
2753
8466
5914
377
4009
2194
9289
7942
9982
8808
8233
5872
9465
5628
942
2923
2177
4575
4047
8342
1760
5830
4179
2581
1821
3185
838
7588
2609
7839
4719
6392
576
1868
7517
259
441
6478
3651
7255
6454
6518
5272
8769
7111
154
6193
2622
4636
6239
4480
9499
55
5596
2684
4689
6854
3842
8634
6781
3510
3539
5674
2449
5752
3218
2459
9482
7366
2751
2522
6422
6338
8892
3534
6909
2045
8883
4572
615
1678
6059
8297
9089
6405
5632
7046
472
243
4734
6895
3747
9876
3398
6882
2583
3522
9470
7826
9588
2471
6312
2128
7338
805
7702
2405
2024
7033
3418
199
7295
6967
1333
1529
3481
1963
1173
2672
9035
9594
7857
9648
7496
1505
8434
5359
4076
8131
7200
7969
9452
2645
2793
1349
3445
9183
6333
5665
9915
8531
6605
823
5119
8370
9685
3560
8712
1792
4670
8506
3966
596
6625
6945
9936
3627
1739
6604
3009
6978
1537
9573
4252
4795
8071
3710
5303
9200
7682
7854
6023
8829
4025
9329
3273
9661
6031
3369
8654
6
201
7781
7551
3498
6782
1769
2247
4394
5035
2647
6705
4376
3202
6868
5461
4839
9468
1695
6895
6224
498
2755
2916
752
9702
805
8915
1391
171
8349
3977
3534
9344
6700
2155
9855
9402
6232
1996
6149
1539
9358
5411
2438
6716
1471
6214
6745
3595
7774
2225
1783
6386
7069
7372
4816
3255
1289
7087
1368
2734
7564
3329
7576
9805
6240
9662
7935
4406
8834
9454
2086
5122
6873
7051
6620
9697
5756
1928
3698
5826
7747
8287
6497
2602
6884
8252
6580
2437
5288
8750
7645
3800
8709
2934
6095
6860
890
7863
158
4852
5499
4704
9403
324
7031
9401
4828
7731
3221
5734
2430
6143
7708
1237
1901
4927
6174
3402
7789
5876
6057
283
2868
3009
1296
8934
8361
7399
38
2806
6705
8129
2934
4098
4408
9260
972
4035
6862
8959
1701
5189
8237
2614
2991
8009
8084
4441
3993
9477
3798
4679
9958
7959
2711
5149
469
8302
6170
185
5544
5547
3228
1736
7777
3454
5425
183
6671
1306
3451
6452
2639
5451
4761
9177
1182
7161
6074
7793
7673
968
9818
8923
529
1417
511
5525
3162
7082
7414
231
1731
1134
5454
9594
1626
3298
4918
4831
6739
33
8923
1122
7802
4746
1911
4148
4449
7604
4122
5038
97
9776
7010
263
5810
6699
2706
4127
4467
4721
7338
5528
1429
9191
6810
8550
9024
4001
9543
3548
8138
7625
7442
1017
8528
2565
142
6796
2554
0
6306
1790
2719
5706
2991
7567
1899
7680
4830
7087
2505
3141
8774
1669
8962
7088
6777
2428
5038
1503
8354
608
8567
7858
6630
8528
6971
6307
1261
7715
9694
7177
7493
4415
4160
2367
5546
8066
6167
8591
8313
6196
7530
8870
7315
4759
8057
2216
8608
4426
6748
775
9956
8950
8927
9981
8926
7520
7014
9903
7058
3840
7503
4406
9517
41
9570
4929
5179
1079
4823
4716
1237
3789
1183
1251
5728
3122
8325
4097
263
8009
9982
2115
8349
4557
4982
8739
421
8919
9775
6109
1525
3009
4830
8255
6137
3518
6437
8602
4405
9103
9847
7403
8166
9706
5815
1957
4790
493
4591
1030
7225
790
6646
5901
7550
7574
4174
3393
7782
1984
9944
4476
6747
1843
4707
635
1572
7632
3254
7340
6390
7460
761
9521
2552
4341
7512
3766
8776
7407
2600
3094
9421
904
9104
5508
9584
1748
2235
3722
8003
4255
1529
1453
2610
9670
5889
919
265
3163
6636
7798
7293
4748
9309
2396
3637
3888
1765
2996
6110
5779
7817
4238
8949
7582
5241
6308
6497
1402
460
7717
1633
5854
9357
1570
9101
7740
7953
7134
4994
8204
7252
1468
8847
7866
9202
9775
8299
1300
9559
3174
383
3120
9052
5582
2682
5446
3665
1403
5845
1753
7968
7006
8868
6676
3853
388
1399
1238
8767
5625
6313
1201
8580
4954
9417
7107
583
9581
5084
7296
5265
9878
4352
8003
5932
4023
2642
3607
1585
4926
4179
1411
4608
7081
5102
7159
9269
7790
2509
9112
1165
1806
2610
4783
4478
1396
593
992
6763
2718
2932
3261
5481
4479
9364
3248
367
8390
173
2596
8753
519
3793
7057
9819
4896
9495
7450
9022
4571
5984
9386
5079
2535
1452
6238
5038
8400
2294
6115
1128
7101
5815
7876
6685
1843
3924
1038
5968
5254
9046
9014
5707
497
2090
206
1239
3858
1057
7955
9175
8789
1925
2730
6677
3620
9035
5629
8640
6224
6124
2314
3545
6405
9896
712
4689
4881
8922
816
1429
9142
4563
957
5510
4284
503
7076
4560
6954
4633
3424
3991
8518
1188
2966
2845
7477
2554
5190
9783
5904
2047
555
7181
2447
6158
2025
6370
3212
7704
2509
3749
9063
6378
3565
2612
1141
855
5613
6389
6303
7921
2610
6151
2434
8353
1447
8150
6573
9921
4371
8053
4821
4738
1614
8292
6726
6129
1398
5511
5805
4240
430
5676
7713
2748
5841
220
1804
2803
8072
3221
6325
9563
9141
9910
3031
3751
8613
1952
3997
4615
8196
8744
6167
7012
6749
6416
1351
392
9143
9495
9476
7621
771
4919
4721
6660
7225
515
5768
9622
7120
2667
8508
5288
9469
6782
4845
2743
9961
3862
452
8051
8047
3595
4177
9511
9712
5582
2958
4024
4017
184
7068
2800
2882
8132
7212
1553
5709
7734
7655
4709
6493
5600
426
8597
7676
2909
4343
4921
8288
7535
4606
1704
3128
5702
9432
6037
8122
1393
3824
3676
9524
8679
7164
831
2499
9125
5376
9809
3182
7931
6275
3753
58
3290
6459
637
1681
7582
7307
4771
9196
8902
7496
9113
5894
795
8284
1268
114
3717
3341
5729
5558
8839
7414
2145
4573
9034
6614
4794
8360
4744
3221
2320
7069
7629
1971
4311
8802
209
3491
3494
5000
3490
7650
3129
2734
3600
5133
9583
3714
2206
2387
8904
7621
4715
7983
609
2529
4132
3609
333
2135
496
1506
3819
7974
6408
5215
1878
41
1442
2391
6968
980
906
6799
5471
7717
5570
2059
1251
2251
3508
615
1655
319
2003
4585
4781
4066
437
2865
7260
9872
6751
716
7447
7291
6251
5629
7086
8359
8620
7048
5092
9742
6115
1957
4777
3713
1509
5098
731
1423
7486
5384
8326
6574
8596
6138
1976
7985
9397
2699
9645
1362
5705
7329
1609
3083
4841
1354
1009
7797
9124
6378
4203
4377
5561
5420
6223
9672
1345
1173
1629
1137
7849
6636
4829
1656
3017
949
7401
6600
103
8474
4448
7956
3187
6895
6832
8413
7160
9816
642
3626
5438
5813
9276
3650
5647
1489
4129
9005
8065
3705
2540
2536
3777
861
1194
7269
4213
5945
3621
4125
1704
8457
4092
7386
2338
1601
2067
1810
22
4710
6334
2254
4589
6219
8378
5462
7954
4016
9112
3452
5338
632
934
469
4955
4507
4594
550
3282
1304
5758
257
6999
6073
2547
533
3988
6522
2116
5788
5526
4794
7767
2976
2784
6696
1772
574
1800
8627
5501
8881
5072
4436
77
6421
484
8760
4786
1996
2904
5777
6343
3500
951
6218
8635
1025
4713
1131
221
2564
2672
9480
5149
7885
9527
7055
6154
7712
335
5675
6995
8274
3831
5252
3385
2586
4300
4181
1920
6689
3241
5722
1196
4251
3474
9627
1393
4504
1405
6573
2647
7136
6138
7983
2887
7508
8007
9821
7259
1862
7056
2127
8252
5042
3373
2252
5975
5931
9151
6964
9840
1386
6488
1374
9742
6818
3520
630
1929
9882
5001
1551
6191
7652
8903
4058
3995
8453
2794
8893
9082
3153
5843
3333
582
1661
17
4365
1261
3939
75
7087
6558
4906
5629
3933
5337
9508
9398
7963
9212
7121
5385
5132
2344
2805
8750
2062
9218
4737
8355
5768
3112
7244
3406
4395
1205
2833
3584
8730
8635
8864
511
