8108
2147
6094
8110
5530
6818
5086
3097
1958
8047
8618
1324
7914
5527
4375
8690
7762
4724
7744
645
2724
1831
8566
3299
7699
7482
669
7410
186
2932
7471
6566
844
245
7454
6487
6998
1904
1317
5330
28
8954
4108
5366
4171
3662
3024
4683
1898
1545
5917
2929
5220
2072
6338
4849
5412
8977
3345
4770
6590
501
9536
468
3946
9075
8447
8678
8220
6945
7047
3733
7556
1278
7623
2619
9250
6222
5607
9625
5666
6544
4075
6634
3544
1545
1382
6073
5291
3073
3227
3940
6674
9001
6440
8143
1320
1110
1440
1392
2358
1366
5704
4481
2399
52
1912
1304
700
5170
8596
2138
3023
7098
4376
476
8497
9550
5488
1052
1020
9346
9750
6077
6245
3009
2059
23
2447
2914
9622
7052
6259
5354
3594
3810
5378
3811
8102
1540
3707
3497
2319
7517
7062
9200
5944
5694
6846
6320
3502
1865
644
5848
3342
7576
6012
4455
72
3994
3370
437
2758
9368
8564
3315
7631
8907
5391
9225
8864
9118
8969
5834
1623
302
2645
3599
2718
6585
912
4090
6260
3255
8026
7960
4348
3265
2691
8679
5455
3926
636
957
5241
395
9596
6648
4481
2253
5259
1148
816
6585
2781
2970
3890
7821
7215
7910
5764
440
8766
5597
1567
1277
8463
2164
6989
5697
2115
8833
8513
1584
8098
5153
5399
3960
4695
7539
411
3366
1706
7486
6357
5932
3669
6540
71
7360
6505
6596
8214
5262
5114
3432
775
2156
9680
3419
959
5919
4674
7429
3167
6122
7371
7075
605
2835
6815
5952
6651
3231
8819
6965
6080
9742
5684
6999
4755
3229
749
3743
360
22
6291
766
923
3115
6919
2099
2442
5890
1078
9756
1601
7323
7247
6803
2987
8698
9479
8016
7878
5521
6718
985
2312
2416
9063
5389
3293
7062
2392
6475
5520
940
3375
7204
3208
5837
877
6899
8209
2357
724
2929
6408
9754
9952
1735
1197
9710
1142
8580
7707
3146
2049
5132
2360
1252
703
536
290
1170
7731
5189
4231
277
3923
868
7055
9249
2468
7205
8339
7642
4890
3282
1242
1570
2501
4005
4151
1169
7244
8953
3534
1468
241
2497
5085
4089
5013
2764
7937
1531
8692
8746
7021
9541
2315
6422
2016
5559
2790
2493
1968
1316
7609
8184
3298
9331
8573
190
2054
1729
9319
1398
9610
5015
2985
1317
2250
9801
91
4066
3292
8803
2481
2951
5768
1921
7480
565
5091
6421
994
1167
3085
1241
2322
6255
1831
9121
2194
9386
6960
9584
8484
778
8925
530
7067
9305
9779
4909
6148
62
3458
9392
4436
718
1693
5992
723
1904
9080
8797
8786
3298
1557
2047
4882
4015
8581
858
6139
9500
4347
9784
2745
1796
6831
2571
1006
436
4357
1587
4360
5525
7854
97
7580
3983
1775
4433
3286
5926
114
403
5838
6118
9724
1710
6073
3814
7044
3345
8428
1673
5788
3434
7750
7834
3714
3688
3852
901
9527
9320
6201
2043
3033
6034
6966
6858
1837
3224
104
4841
4915
2520
1118
1569
3782
5040
9985
6788
9401
9908
2629
358
3629
4560
2157
322
8011
1087
6828
7571
2557
236
188
7102
1777
305
7535
6113
6219
5927
6792
9350
3741
5795
257
9399
4597
9607
4977
5640
3462
9892
3665
4796
5897
7275
7557
3381
7552
1765
4432
6768
5762
2886
3471
9208
5781
8241
2184
7504
2914
2977
3712
6501
3529
8971
5320
8414
2497
8495
1906
52
2935
6368
2184
4406
5362
8925
5151
8473
7095
9545
4202
1216
2537
4195
1328
6312
6732
8358
205
9583
8435
7635
9049
4813
1066
5981
3768
8832
2480
812
2999
6238
6769
2109
1198
7460
2322
9364
822
6254
8179
3486
5890
1250
6173
6271
6584
70
9995
5915
4752
1844
6221
5451
5964
9062
1884
8485
9981
4581
8860
4649
9842
659
7971
8814
7584
9502
9319
6952
7905
7697
5793
5027
8081
2348
3328
1675
7628
8446
4668
4352
4863
7792
7672
996
2025
6069
8589
6168
9541
5273
8818
3854
5434
8997
2794
3576
9966
1669
8606
2075
3373
8945
7111
6029
6365
211
8234
5449
2632
6754
5467
9105
9955
4761
2220
6658
3734
9118
7596
7974
3735
5331
3102
654
7348
8265
5928
5418
2335
2360
8036
2488
477
3371
6072
3559
4361
3671
1212
1585
941
5788
9389
5557
4688
8060
419
4920
1214
3928
5463
6459
2651
8939
3942
7401
4306
7455
6406
2428
9901
148
344
1303
2557
5640
7958
172
2220
887
7529
9628
8942
6979
6416
9802
4211
2201
2974
4691
1217
6509
9330
1028
5130
9081
2274
564
8397
7132
9153
1189
1437
94
7111
6741
5729
9463
2346
863
5145
7099
7498
3149
8926
5558
2699
152
2064
2907
4666
6496
6906
2054
9341
6704
7014
5995
8417
2223
6226
2772
1152
6367
3784
2744
2330
4383
4127
615
4406
8550
463
699
6136
1193
1564
4154
9556
4297
9878
3162
2871
5508
9569
654
599
3930
8895
2301
8839
1416
8728
2130
6322
6025
8283
8602
8424
2746
447
6862
4432
4437
875
5496
4535
1942
577
1800
9005
8368
6294
7260
9637
4857
94
6121
1161
377
9903
8078
316
8525
5670
3610
9103
7334
5788
9216
6863
175
236
869
5945
174
6971
3309
6363
5552
2162
5559
7499
5418
8778
223
890
1916
1739
4887
4798
9564
5070
7647
2952
226
1161
5680
4561
7785
473
1079
5319
5439
5505
4905
7823
1074
4631
2894
5622
69
5225
2128
6250
8510
2101
5817
9788
779
4283
8898
8005
752
321
6233
1568
9114
6430
5445
4808
6754
291
473
687
6756
4270
9626
4269
5201
9435
8073
1134
9960
8681
8893
6488
1758
900
3441
4738
8701
5436
3415
6579
3532
1990
3724
960
5032
6981
4434
5453
9805
4146
841
336
4541
6402
3174
479
1087
7237
1404
5927
4674
6572
8411
9745
9528
8519
6715
1515
7363
1947
4609
4105
3662
2780
47
881
6343
8812
2552
6621
4333
9791
7124
2607
4262
9279
5104
1399
6354
264
5573
8574
886
8775
8625
3376
3229
7128
1918
5589
4820
8674
8268
9167
2981
7035
3776
8428
8761
2541
6688
3245
2179
3912
2490
3714
9916
7059
8706
4971
2206
1997
2121
3926
878
1961
3723
1365
3805
375
3078
3041
980
4851
7231
6958
7604
4729
4868
3248
3605
6464
5105
3504
4175
859
4207
4799
7786
3847
804
4443
3386
3671
4436
3641
1569
3941
4919
1016
4289
4359
5180
8983
5165
7035
7790
7151
1595
6245
4384
5107
3272
6615
634
2617
9501
9718
5100
5856
3475
8303
8703
4370
7694
9370
244
6404
9422
2234
163
7855
9433
7142
1918
7381
2496
146
5849
2058
8381
3962
2448
3809
8974
6408
4471
3015
9738
3700
5093
3472
9596
3097
5111
1062
4388
8876
3232
6072
9442
5456
2009
8201
6921
88
9164
7165
1634
4513
329
9527
2376
7210
108
2848
784
1065
9212
3694
7845
34
9662
705
2181
6089
3471
5815
1537
8450
291
6268
2138
4506
9229
6146
570
7699
9920
5671
5629
9709
6739
3640
7439
6591
7143
9957
3520
5544
4986
1578
6333
3741
4103
3833
2827
5669
5710
9754
2622
6524
2654
6808
4812
9694
666
1404
3851
7975
3456
6300
1159
7393
898
1290
7
7312
3108
835
6972
3758
5373
5255
6206
2736
2781
7321
1105
7195
6139
8573
9498
3760
5525
8029
9055
4074
2721
5870
7734
2663
915
9630
8598
5001
9499
2035
5403
6186
5549
8421
8153
2193
7214
6396
8368
1414
3544
7139
8656
5813
4324
2025
9908
2775
6041
4473
1571
5963
9294
6395
8873
6200
9188
7694
7807
6377
6922
9656
7599
9250
1191
6507
2793
8848
9404
5317
6733
6463
4695
533
1170
5727
7447
5039
9299
7409
1182
4500
1169
4043
6556
3911
3334
2685
7657
7724
2288
7774
6396
607
7435
1099
4907
371
6964
2601
1366
8678
4605
6516
8798
576
7613
5055
1509
7779
772
9942
6834
2505
8496
6308
7338
5102
2790
6532
9349
8368
8453
5923
911
9937
9901
3451
694
2780
5371
2360
228
3894
179
2958
8998
5517
1588
462
5674
4007
9935
5454
1163
345
390
5444
8374
7547
8416
2853
6381
2454
4888
9332
3003
3949
4792
4561
9160
5704
8714
9322
7505
1494
3328
620
9417
598
6307
2837
5977
9590
9732
5111
3621
434
9995
3277
7321
9527
1985
9238
8649
7504
752
780
208
4192
4807
6657
7069
305
7409
5541
2597
4868
1609
6460
1697
7558
6110
1915
7359
1133
3807
586
5249
2551
5104
9749
8826
7316
1604
6304
2623
2704
2937
2795
1595
7136
4732
3947
8936
3179
6003
9794
5280
9683
7327
9036
5406
5790
6809
2630
5020
9951
8070
6139
9431
2029
223
6460
8010
6616
505
263
587
7580
1167
4500
3924
976
8408
9960
6249
4490
8867
9179
8854
9149
4260
9749
8611
6374
9330
9234
4407
305
9527
7738
3059
1283
1036
6851
9250
9918
6175
9818
9864
4300
2270
1198
6274
3884
1761
3722
651
6732
3727
8558
548
813
8126
5440
3640
8486
6352
5916
3563
7667
7308
4553
7656
9911
602
338
4089
139
6745
8849
878
5947
1271
5654
1820
8021
9929
6914
2978
1280
723
3743
9570
1484
7172
5993
2959
6103
9240
3223
4493
1167
1080
4138
4475
1649
4196
1224
5149
699
5280
1854
46
1959
8434
1784
1364
4966
9316
4412
6989
6481
6220
7695
1299
2186
2102
1891
4473
8208
4461
7272
2904
3036
5386
3205
1055
5409
7091
3966
9870
4097
7336
8318
7933
720
4226
2235
3532
736
4228
8772
9610
4685
664
2337
9663
6797
7954
1974
8463
2572
5388
3820
2761
9085
6889
447
9011
515
8198
244
9633
6958
1609
5738
5920
1725
7739
1547
2821
3293
2031
4275
1921
4071
509
3305
4274
4330
670
2827
360
6494
341
4701
602
9331
4714
8695
8107
418
1236
4673
903
5820
9254
4662
7253
889
6687
7461
9688
4148
1344
2283
657
1808
3252
6054
9234
9703
8780
193
9538
5270
7739
2056
612
6664
849
7378
5544
3465
3701
8019
2523
9666
4741
1573
5726
3376
4876
6350
7578
3524
1365
5087
2893
9930
9321
8347
8789
3184
6953
6540
8103
4815
7505
9859
9749
9130
100
4341
3087
2516
6270
871
8284
1178
2150
6583
794
9864
3395
5382
7039
447
418
4989
5118
6000
151
9350
8454
773
1951
5916
6661
4231
2470
3947
9003
191
3608
3161
1046
5938
5434
3119
120
98
4734
3177
7375
3759
5224
6698
7877
5574
2593
9959
5480
8757
6109
2357
5401
5531
4296
6277
5758
6401
7376
3031
1466
8375
6108
3691
2038
784
2395
354
6484
4607
596
4335
8410
1407
6404
8170
501
8811
5451
8375
7235
5512
7654
5379
5508
3087
4037
6310
6233
6303
9111
1936
904
1943
572
5551
1979
8853
3014
4798
2517
6284
7578
8276
4919
3275
5895
945
3839
5767
3504
5931
8865
8759
3561
1123
8390
1987
2210
5040
5098
8306
5501
1886
5719
7677
2476
9013
8701
3628
8262
6268
9703
6087
2818
1592
579
9275
2517
4971
906
9855
7260
2559
3069
391
9949
9180
4745
8040
8286
4786
3605
5134
4661
356
6722
3001
46
6586
4049
6805
473
4754
4541
8391
9802
4386
9389
6036
8566
235
3791
5059
6330
1529
7572
4349
6882
963
8771
5776
2481
1188
6317
5772
2238
4151
385
1733
7167
4292
2463
992
9881
759
9347
315
2163
6547
455
6325
6930
1882
9149
647
5358
8209
5955
7103
6765
943
6775
6772
1208
3823
5695
5576
7924
1893
9762
2166
8761
3040
5941
4275
3623
1033
9879
8007
8342
5809
8661
8510
2523
1368
7868
7031
7524
6651
387
3776
6018
8589
6755
9360
6390
2
9465
2913
1285
9589
2281
8643
1031
8117
3812
7372
9693
8004
9898
5233
4437
1772
8582
3294
7361
3116
3343
4967
8745
3364
9846
2945
7224
5584
861
956
8025
1770
7571
2828
1221
2866
729
1746
8332
9896
741
7682
8092
7604
1108
9966
9842
5010
709
4644
6065
2834
1326
6578
6758
6718
3949
2144
8703
717
7630
6567
4666
5817
5828
5106
4996
9609
2171
2376
4660
7309
8038
1093
7602
7848
4805
9079
5006
1560
3070
2879
5508
716
4478
7890
4591
9770
3239
7260
4028
9131
1080
5230
6919
5030
3334
2348
8426
7933
9512
1094
3431
3252
8323
5697
932
9967
8222
1373
7978
1159
9303
6922
7723
619
198
4845
694
568
1768
4094
1268
881
1114
9190
6101
8505
298
4475
4279
9391
3951
1943
639
4600
1434
8694
3799
8552
3717
99
9890
3971
3315
2906
700
3853
6126
6765
3689
5472
1048
5893
9713
4008
2947
6921
7312
348
3693
8366
3662
47
4311
708
5304
4342
2997
811
4638
2663
5060
515
1394
5769
210
9842
4510
7737
1769
9566
9222
4706
1061
1964
3749
5637
5367
1005
3914
3464
5812
3187
1400
5233
7490
6315
3060
8785
1566
9177
791
4297
1359
7515
3812
5900
4500
6678
1707
5057
8849
5316
4163
6459
6333
7241
133
4502
1622
4809
5316
6940
9352
9583
7072
5902
746
6484
4191
5204
2507
3663
918
5811
2151
2613
7359
1515
1403
7095
3020
6819
7862
7014
8600
3359
6181
7887
6429
3423
5798
9047
1013
9633
499
7421
1177
7317
6784
886
4530
8035
6469
1659
4527
8237
3822
9507
9882
6852
9844
9502
6122
4555
2730
5735
1013
5692
7485
5716
2086
4197
4688
2932
1434
5073
9618
4176
3287
122
9444
7158
6949
1062
9910
1246
1747
2261
9664
418
5077
7360
5786
9716
2526
9758
7411
6996
7472
2384
1674
3454
5780
4386
1926
4079
6557
4579
5008
3936
829
6114
2062
5247
4992
3935
9147
1362
6556
7996
3588
7286
200
6243
9501
4953
2686
683
443
6453
7320
257
5524
7160
7774
5051
4703
834
5768
5337
7666
5587
9556
7816
5836
6299
1939
5404
2640
8353
624
2299
2981
599
1399
7025
6509
7496
5284
2936
2943
1214
1974
8638
5333
8063
1861
1367
4581
3050
4452
6112
9512
4603
8547
2157
7182
4956
3303
1722
4317
1575
8060
6709
8726
2097
1126
5194
5274
8199
9592
9844
1275
8828
7404
7614
4255
6329
9272
88
6193
621
7194
5495
8226
7825
8602
157
2167
6893
9142
157
7082
944
6258
3583
7195
8346
6595
9080
9832
8418
7411
1119
7176
5393
8594
6600
8750
3902
5927
9588
3398
4375
2924
1047
6220
8591
2123
7750
2455
5888
3185
3741
9028
6827
7425
6534
7890
9600
1621
9398
8223
5129
8154
6703
3414
405
8821
9201
6049
5939
8122
849
7247
4637
6407
1847
7714
3305
6533
6791
2856
7498
2840
4758
1587
4217
241
5876
297
5943
7866
3124
4693
9080
2926
6504
4558
882
8492
5992
5551
8247
4699
6870
8524
3320
8673
92
5187
8923
9201
7052
2676
5657
1158
9777
6150
1937
275
407
8267
4451
9560
8257
4437
6308
6351
172
918
8560
7273
5956
286
2081
5453
4553
8709
7546
4089
6757
5444
4447
41
3801
4004
27
8261
5271
9976
5043
6450
7610
7204
3571
7673
9431
4870
3915
2742
7929
5437
7439
5864
6457
1202
7494
1300
442
7448
1657
8837
5555
1002
6352
3365
4192
118
4794
6484
4739
4218
8779
8389
3147
27
3678
6245
9967
6586
4318
7826
7056
1326
9780
8028
2077
59
5189
2011
230
1869
5087
453
192
3180
8748
7724
442
7840
7608
9883
3450
9499
34
6319
6269
2221
1680
2160
4867
1771
9279
3271
1420
9024
6775
3962
5275
9541
7291
5402
9239
2494
3074
2981
9152
3253
7452
3037
5543
4563
7650
7956
1951
5035
3250
9443
3498
9534
347
869
4276
8819
411
6269
9251
9085
8721
5115
4339
8502
9368
8723
859
7979
8393
8723
5785
461
832
6572
3191
6478
1995
2889
8212
4651
5043
3567
3541
225
3925
745
9138
1839
4518
1752
393
2253
6449
6451
2082
2654
8945
7145
7900
7987
4475
3068
3147
6965
1855
5961
246
3973
2829
9921
105
918
4910
3160
1837
9609
1743
7399
636
6472
4539
9911
9077
480
1469
8233
4812
3080
5785
6386
6191
4826
9257
3002
9591
4969
1802
366
7051
1946
2967
2229
8674
1681
2606
909
4707
437
9126
1212
6854
2705
1036
760
1236
3616
236
9081
1309
7964
6737
9128
3627
5548
8750
8974
9741
736
2435
4138
2956
6274
8343
4027
4689
4673
5209
5478
2687
9756
6941
3012
8286
860
87
948
4268
7711
9007
8077
4935
1973
7363
4288
6809
9813
6391
8415
5807
5186
5220
186
6474
1367
8912
8838
3824
8531
4259
1354
8764
2175
5155
3858
5345
6699
7420
2476
6085
1717
7389
2497
3053
5888
4722
246
9993
1624
2993
1639
646
2939
2749
4419
9182
7904
3399
9563
7367
7196
3954
9718
8983
5605
2877
396
8743
3800
7257
9903
9354
3577
8252
9129
2140
5702
9184
4176
7354
1790
621
1378
9230
4653
4412
9947
2205
8178
2097
7050
252
811
2181
1568
5846
3098
4713
880
8413
524
9314
8079
9560
9698
4483
1823
6913
341
739
9166
9740
8550
6765
9884
4783
9101
9050
4382
8116
5898
2462
4568
2093
335
3349
3599
6061
6623
9072
4650
6108
2637
1226
9435
5480
3469
4949
6586
5865
8697
1921
2075
5438
3335
8207
4973
8778
7681
6341
9327
3890
2787
4557
9719
5495
6304
6056
9946
5113
9103
7726
4836
2576
564
7514
5801
1588
9588
5956
9851
1364
2202
7551
8469
3840
6814
3238
7362
2344
9489
8741
4989
7290
7990
512
9626
79
450
2510
6400
2670
9460
2949
7136
6289
3389
1823
6592
3211
9578
8621
5612
6481
9171
8652
7738
6426
9410
7131
7103
3079
9307
4291
3863
8055
8911
9699
3352
4556
9166
9457
1474
7110
163
1592
5320
8628
140
3691
6807
6136
7585
9558
7410
7073
7452
1743
959
7568
3371
9375
2834
6598
5843
6300
8020
9037
4232
4730
9186
9228
1604
6370
2268
8846
6439
2790
1882
7784
9870
3237
6712
5326
2873
6566
7391
