6292
4795
6886
5108
6625
5405
3000
1552
3783
1885
4538
605
7532
1833
6509
6163
3709
2085
5045
1255
9886
5121
6193
4153
2387
1371
4533
1877
5207
5279
314
6720
701
8792
6213
224
1388
4149
4246
5739
4088
5435
5666
7925
475
8057
5860
6194
9081
2918
2688
870
7064
1766
5056
381
945
9010
8381
1360
6894
2400
9395
9469
5510
216
3080
8791
5340
9977
5145
1525
1238
5276
9117
6888
3054
1678
7797
2701
1700
4441
1487
7333
1906
7262
4253
7282
5497
5571
6818
9625
6309
8915
9706
1152
6476
8332
478
4084
5872
5283
4974
1562
4482
9308
6487
1396
5142
229
5742
8164
1668
2598
7559
5668
3714
6201
7895
5942
2654
5434
81
2461
8295
2466
2374
5477
4336
1665
8047
493
716
212
7271
6149
4867
4379
9835
6958
5276
8110
7149
6245
8117
454
1504
11
2459
2222
3891
520
3178
7240
1928
3951
7993
2613
8992
5881
7418
4973
6997
42
7600
5192
194
4382
2116
5372
6660
2485
3881
449
9493
8445
5079
3674
6944
7512
6226
6777
9138
8881
6195
8683
6391
1938
89
4791
5067
6525
7736
9958
2996
4402
7764
224
8003
8078
4527
8002
9723
599
9188
8361
6635
5347
4561
5007
7351
4890
1020
6777
9072
3846
7756
8690
127
9918
6378
2630
5040
9540
9429
1842
1824
4809
5965
3268
8213
4687
4812
2950
1078
5024
6215
6675
5490
3277
3284
7197
4272
3946
2887
1780
2613
347
5007
7307
2841
8162
6046
4031
4560
5654
7965
6267
5811
5812
5413
3007
3430
341
1761
2910
4697
7696
7065
8835
3573
6629
6096
3613
8587
9943
3087
7007
8050
3034
6296
4045
3469
8853
730
2702
7340
3326
6876
629
6233
3520
4926
8596
7315
2447
4267
7554
574
5058
4659
2240
5617
4332
2852
3978
5671
7122
245
5258
5744
2700
