5505
8726
6889
2060
8843
4543
7548
8035
4888
6326
3077
3702
3521
2609
261
1482
5831
7099
7192
8386
128
6819
5395
8773
8327
6352
7807
5317
3311
7556
9027
1009
1205
503
3877
89
13
9739
7550
9294
2150
6290
9127
2159
5910
6356
2251
3338
6508
8589
6694
814
5223
9853
534
8201
947
655
5260
4964
6085
7266
2025
3389
7521
7974
2930
6762
2370
9853
2335
3019
3686
8119
3018
8355
2079
2323
8650
2258
4918
7364
1551
1050
5833
6770
4973
3505
6054
2476
6456
4522
9283
3620
6026
2901
1781
206
6688
2214
612
8023
3034
2605
1215
4650
2699
6803
1380
2722
9794
1740
3889
1447
9107
6214
6203
9638
6944
9575
5824
4624
8393
2291
9339
9086
5602
7085
9184
479
7017
7130
6661
4444
7432
103
1609
846
1531
855
5759
622
7236
8583
7816
2493
1291
5375
5037
6014
443
9404
3154
5609
5095
8601
1736
4287
4741
8095
4741
2773
9545
4935
4175
3316
7353
5622
8173
9392
6478
9279
4406
193
3415
8845
6641
8581
9054
1782
2868
5445
7437
9740
9053
4427
8421
5653
9071
9054
5822
1333
8152
3400
3139
784
9915
1824
3940
8898
867
4242
9421
2111
5746
1281
4988
4872
7488
6952
9586
9240
9099
3662
544
2303
5448
4991
4591
9923
5520
1594
6933
7934
8315
8371
5639
9813
1592
5902
2458
2836
6252
3390
5484
3192
7274
6280
3599
715
6116
6903
2402
2265
5320
8986
5479
1958
5468
569
221
6235
2614
7535
2834
8402
6730
7133
5074
1125
1862
9093
6683
19
7787
2814
3492
8748
709
8001
8566
2417
3581
761
6891
6085
2513
3815
9225
9019
9217
7681
6170
6279
3535
6898
7557
1964
9709
6675
8428
2132
1707
8901
3394
1198
209
4398
1981
2096
3781
1769
2945
7286
3909
467
791
9289
474
9140
3596
1584
3024
9666
4912
7103
2141
8013
5819
8665
2697
8178
1836
1592
7808
7019
2689
6637
6409
6151
9438
9463
1086
5663
7457
5358
1899
2332
7616
4949
3472
3723
3423
8675
2543
6043
1925
6433
5785
2661
1788
8879
7462
8078
670
7898
6620
8473
3112
2466
2444
32
3941
8943
7772
7231
2836
3900
2889
4253
9509
2007
4096
7918
