7797
1779
2012
2279
2451
2276
5297
8625
7999
9751
8441
1849
968
1436
742
473
8337
9530
6738
6485
8602
6104
4075
2302
7405
8659
9785
6478
7354
496
4571
5601
7553
2983
2990
4988
9586
2136
2219
5525
7344
3112
7419
343
5400
4580
8337
7547
5357
8332
4720
7810
3743
5168
9902
3716
3881
500
6512
1328
3863
1271
7107
2429
5030
6920
5059
4632
6549
8593
5724
1390
5846
4071
4380
2414
6044
3041
661
7089
1738
4659
3065
5189
4922
5777
2115
4510
126
1800
2275
2839
7520
3330
8982
1402
9229
911
7495
1839
5739
2911
5682
4224
4281
4762
1511
1517
5464
7072
8363
1611
4309
2825
7566
5488
5144
6884
8921
2428
7015
7567
2159
2642
1564
3702
203
5832
2287
2650
2042
7555
2232
5121
4078
9291
6021
6103
3004
9073
8935
2291
2919
7577
1274
6562
2690
3477
8867
8487
2338
9206
1795
7013
5424
3213
9077
6839
5153
8061
2089
6809
5980
7173
2525
5555
3838
9861
3239
8872
4573
9664
3015
1125
2212
4945
3367
3297
2499
5603
8790
2292
5994
9427
6645
7027
2639
9857
4839
6697
9075
7834
2269
8155
6173
9038
2054
1233
2060
7764
9341
2922
9290
1558
8902
9273
7337
3190
1820
8369
3815
6314
1986
5552
5338
7722
1443
4083
9741
435
940
8856
8159
9189
3185
167
3028
5631
5635
7182
7122
3661
2742
3215
5848
8
4286
9522
559
8479
9640
6895
3602
8003
6369
9709
1305
5904
4583
4373
9453
5496
1163
6180
8118
9974
2714
9603
1566
1822
5898
7154
9347
1571
3325
7856
2900
1560
3001
6074
5231
4442
9667
5805
9337
9367
2095
5465
2676
5140
4043
2054
3477
1221
5683
7943
4279
682
8238
5739
3110
9873
5357
2883
3309
3557
1587
9587
3452
1260
6510
1935
7498
8698
1145
797
3551
6869
220
237
5769
743
9289
1037
1830
3707
4392
7339
9040
5106
8997
6932
1345
5654
8231
8850
5734
2183
2266
9200
6965
705
3240
3044
947
1725
7461
8459
6104
4975
5546
6134
7890
1085
9511
4771
4216
9804
9633
7588
9384
9732
5982
6036
9618
2103
2088
1103
9500
497
4575
8836
5419
9927
5191
4854
8805
7373
5061
8350
6525
9186
3
2910
5842
1780
9390
1633
7945
3851
8776
4274
7129
5777
1506
7955
8421
8350
58
1148
6162
817
4743
6693
4392
1777
9851
1937
9106
7565
