2161
3659
3289
1476
3263
6361
1904
2055
9413
5061
5756
3387
5543
6919
8229
6244
952
7351
56
9303
3503
2008
867
5450
3092
5178
618
3594
2945
1084
6252
241
108
750
3125
9714
8898
4103
4963
5206
3409
1156
6750
4156
8473
7949
9906
2382
4463
4352
159
7063
4732
4853
4154
5415
2554
2526
7875
8855
3749
7804
108
4036
5567
3881
4751
758
5833
6040
9505
9333
6260
6332
2765
4234
7576
8564
7223
5934
1864
4316
7218
9476
6791
8246
4554
2939
4023
5109
9320
1356
277
5853
1455
472
7762
4989
8252
5014
7093
5701
2658
2229
8288
4397
1259
7949
6815
8891
738
7054
9141
4958
8425
6854
9694
4468
1584
918
6530
5099
5894
3037
4412
3825
6658
9870
8496
3525
6774
7063
7733
4144
7133
7469
3766
9796
7594
3831
8370
8938
7658
7577
8949
5393
5725
3965
4709
2955
7887
5928
3560
5810
9664
9721
3711
5879
2244
3397
6911
2768
7701
3588
7521
168
1232
9416
3999
9759
5289
2881
5158
3690
1459
5053
960
816
795
668
2718
1562
5801
492
4367
1811
9161
8298
9168
7661
7993
8685
2774
7586
137
4498
4684
5718
840
4148
3863
7375
7157
5615
7863
4618
4654
24
5506
6031
8956
9511
425
8533
9230
7917
2135
8028
5908
7217
4534
5770
9244
5980
1804
4787
338
8739
9873
7599
9883
3686
5674
7630
4542
6609
8411
9103
8533
8727
8313
6527
4365
4816
1155
1153
6690
3776
4955
1904
4338
9842
9997
2987
4442
368
7807
3743
1823
1913
4847
2480
5312
328
7813
5327
944
5506
1676
9771
4746
7283
7811
7135
6141
5258
8154
8893
9868
7229
4508
4661
5752
1786
224
8428
7765
4391
7597
8129
9348
8964
4688
6695
9042
3571
6322
3417
9253
308
4227
8114
5203
2904
6564
2507
1711
786
1216
8474
7909
5367
5581
1252
7478
4142
8760
1156
48
4103
9855
1199
1597
8085
7179
749
1436
9440
218
746
2163
3059
5640
513
6725
7848
6902
9719
3962
102
2939
3366
7840
1451
9848
6992
3376
226
5335
7449
6691
8669
8813
4075
4236
9825
4184
3374
2325
9807
2881
5324
9869
8349
423
6623
1937
5536
3538
7271
7453
2406
9977
5327
8444
4134
180
6545
7687
6993
8591
5660
6362
3284
7548
1843
1844
4692
8437
4924
1916
2171
6195
2628
9806
1455
7580
2805
2288
8770
1967
872
1240
5847
8033
2675
9606
6136
7260
238
1024
9241
1521
2860
2062
1953
4049
5004
321
6126
7433
1240
5925
5336
1095
5227
5272
3961
2564
3326
4771
4671
1398
4590
4604
8855
8193
3982
4953
3980
2021
6557
6015
883
1033
9215
5032
