7958
6951
1631
1678
3468
7762
286
8774
2428
225
3451
828
2307
5041
876
4234
2692
7494
9620
1952
5040
6177
4373
3530
7204
2103
3737
3905
3076
9148
7364
1635
3836
98
9763
6896
4578
112
7571
6043
4734
5460
9667
3217
8872
4290
2309
8722
5176
6615
2748
9504
1204
1525
3941
6215
7356
4320
712
1328
6946
9742
6115
8418
5166
5847
6470
142
6619
1870
7591
349
3534
9109
4338
7237
604
7236
4605
7603
1872
4755
128
508
8032
1728
4034
7853
6837
8275
5027
4835
2623
7914
56
3841
1910
6347
9975
8759
8408
6282
9140
2765
9337
1055
2916
4519
4338
8362
5380
4952
8085
8160
7355
9256
1695
455
6072
7390
9645
5143
6288
9059
9032
2944
9117
156
3023
8391
2076
1745
2247
5092
2756
1152
107
2609
8720
5025
2198
2927
8923
3677
3102
662
7679
6627
3579
829
6001
4735
1502
8247
1271
8564
1388
7117
6731
9021
1411
1661
1029
5676
6794
7368
6820
9349
2095
5635
3602
9655
4055
4978
3337
9253
6452
1959
345
8707
5267
3994
5236
129
6106
9236
5865
5268
594
4154
4229
4977
8538
3189
7709
5029
7933
9257
6873
1982
7765
3062
7402
9752
7221
3626
9280
5906
6710
7345
9621
2407
5952
1061
3370
4241
6479
3025
2806
9128
6745
7296
9142
596
6802
3974
3738
9349
4600
5604
315
6178
4230
8976
3054
7846
3712
826
3854
6155
6249
6620
2870
7383
9854
6397
6912
6139
7865
5916
9237
1505
1515
4941
8404
4019
6913
8040
4604
9692
7987
4080
9563
7592
9135
6059
2867
5990
3741
1102
2327
6086
2573
377
9664
214
9583
3262
1861
6498
1005
7424
2875
4001
9532
2084
7411
4717
129
887
3523
900
4672
968
2268
1062
777
7108
4409
2709
2179
4975
1813
8647
4831
9195
6070
3691
4125
3172
9726
7365
6213
568
6135
3615
9545
8716
2928
3336
6184
1565
9584
4068
8766
6417
8055
5381
2057
9408
364
1118
622
2121
8973
3224
1224
4086
9901
4481
7930
7893
1573
7913
4090
5087
8708
8819
7822
764
2574
3657
7467
824
4551
1590
5592
8078
5979
9785
4174
4864
3099
6886
7005
9118
1516
5925
7661
5350
2487
9395
6208
2956
2698
907
5505
8461
6536
3898
2675
665
187
479
226
5991
609
9054
974
5079
3547
3518
7587
6246
118
20
3208
755
6242
8138
9077
2260
2012
3241
159
506
8637
9391
7384
5644
3450
1793
1251
1702
763
4115
6558
2834
9032
1711
3384
4818
1278
5026
3051
4820
7143
1583
4659
1870
7552
6200
7950
312
9127
4083
3502
8826
7738
4200
9830
7538
3664
1411
2275
5598
6698
8102
4159
7436
2821
1110
8656
2797
3623
2467
7347
3792
6044
5762
9484
1846
5656
1837
7670
6538
5240
3729
6792
8569
7267
7087
8396
1484
4051
4359
4500
8438
2722
2983
6195
8797
8449
3437
4318
5294
2813
1945
687
5721
3031
6526
3074
7112
3935
6405
6010
4977
8763
2219
4349
1356
1768
6556
8449
2394
6265
8787
2216
1206
6915
6713
187
5396
2667
4328
1103
6540
3429
1565
834
3922
8384
3269
6087
3373
2894
2614
8398
3189
31
8967
8128
6055
5287
