5092
1223
7291
708
939
2172
9322
4160
6241
8331
9005
2645
5475
1265
1743
4384
7270
2519
5786
1272
3625
1423
4672
7100
8220
7808
7888
5611
2916
3645
2063
6866
4219
7617
2711
2751
9314
3231
9304
6833
5524
9098
603
7007
9416
3625
5777
2269
2794
4321
5431
5297
9244
2930
2910
2393
3842
6520
6786
2721
8571
2396
6646
9589
4244
7777
7635
1063
4584
3321
8509
7433
3877
8455
8968
8230
3499
6210
7127
3368
9541
9921
8900
2395
5798
406
5597
8763
3855
1168
9349
6003
340
816
4818
3883
594
1754
1930
3762
1476
6692
6504
7003
2342
3989
5628
7051
6833
3574
5102
5189
4226
8443
7151
4666
1949
2082
9073
8409
7107
3255
8194
2507
4832
9630
8316
6406
7
4854
7336
6893
5368
7725
2422
3910
7185
4302
7314
3147
8362
8261
6078
6263
6866
17
8156
8754
3776
8114
7654
9240
9466
3559
7166
2998
935
4007
7646
638
841
7820
6456
1296
2282
9023
1516
4889
1784
4252
8609
8363
8536
7449
2142
3135
8179
1370
4342
8137
13
9136
783
5347
7045
2668
738
4316
9677
4388
5389
854
8078
7957
2314
5937
6170
1602
2902
146
7616
6380
4053
9902
3644
9617
1151
1855
4589
8191
327
501
6204
7165
7837
1198
6516
7675
2463
7798
405
4001
576
2045
2941
5839
8140
3372
1238
1804
8314
7668
2030
2602
5808
1373
1565
5325
2968
3218
5601
3257
196
1383
1642
4177
5989
2462
5540
7985
4129
1639
3955
6590
4090
5609
9718
2943
267
2286
7348
7826
513
8381
6590
4657
8571
3308
6629
345
3661
5043
387
3566
8503
1181
1039
4122
6769
2076
7193
29
5939
7022
4396
2923
9704
126
3793
5877
5384
6820
3998
2812
6402
1514
6410
303
6443
7479
6135
3430
9879
3626
3122
4779
5045
8093
4910
8374
431
6108
8188
4402
2429
6335
2814
5651
9225
5433
503
8506
6981
5938
1396
6360
5345
3484
5515
9031
9475
5423
6189
5799
8402
9862
2004
9947
1395
8964
9070
5068
4017
4881
2283
2094
3626
6230
2782
8519
9997
5802
6276
8584
2956
8867
1342
3726
7975
7006
8941
614
6525
4794
97
5210
8929
6197
9018
1593
8279
4499
1369
8064
5520
5305
4781
4026
1985
9710
2486
7327
7486
5947
6182
4947
4784
714
5679
6027
6514
8785
4840
221
9935
5509
4523
6190
3981
1617
9264
9996
5989
2699
9452
5558
4303
168
8633
6897
1747
1223
4645
5752
2850
2658
6182
1378
555
8500
6866
2337
3498
861
4190
8189
8963
2389
9100
2924
7804
6350
8395
3574
7074
6571
4869
8785
563
5035
1553
3926
5332
1823
2121
6317
8906
3756
8986
7803
5692
1261
4196
1831
6506
1984
9543
8266
4074
90
4859
8207
6911
6099
2842
6572
3706
9042
2720
2972
9328
1713
7553
527
7115
9861
9172
3919
4777
5539
9489
5632
4152
6206
3723
6
438
8555
1317
3672
177
8535
1701
1594
5547
880
7330
9635
9915
5482
5981
8397
1308
6802
2311
5648
8049
3272
9277
1832
2806
2081
5187
8748
9165
26
6500
4651
5240
7333
1842
4120
4041
1570
732
6613
5997
4140
2986
1243
8970
4357
5731
1259
8391
1397
6143
3063
6244
8
7618
7830
3362
7646
6033
2012
1821
9396
8077
9563
9068
7731
4908
7108
3563
6850
7806
5890
273
6624
158
2901
4964
7937
7220
1663
5270
5331
4113
9823
5326
1796
7848
2979
7702
5361
3635
9523
8945
4308
8383
1119
7707
2700
1993
5597
9068
123
2156
8002
8959
9188
3635
3701
5573
2698
3152
3572
6910
3672
1333
3448
4754
9270
4444
9479
1873
8300
8654
7852
409
2439
3266
7517
3567
6680
3469
5315
3368
8297
8247
306
940
9226
9906
9996
5075
8089
323
6637
2371
4999
8925
1308
6479
2938
512
9787
8790
3671
