3665
44
8621
2684
7205
5149
5714
8460
5664
737
8028
1577
8059
3630
1095
8452
6520
750
1906
352
3272
8597
770
1508
8359
8050
166
1725
6315
5669
4037
4446
2599
4082
3199
2198
2087
5540
193
2494
6839
4311
847
9181
9962
7486
7570
77
936
4158
949
7825
5380
3579
2390
5357
8206
7478
1964
405
9631
4386
4802
2635
6226
2989
6391
1829
821
1519
5276
4714
5987
7355
4011
9277
6957
2072
1115
5072
6487
6569
2513
959
2006
6552
85
2045
9029
657
9446
3386
8947
8558
7362
8218
3092
5596
8116
3329
1545
1543
8157
1838
1369
1287
2562
8357
5645
636
8792
7712
9512
3148
1358
4931
4853
8903
6455
6387
2443
8182
7563
6382
6946
2139
1271
1232
7875
6856
7408
7301
9475
7021
6247
920
9011
1803
6341
2209
7275
3179
8330
7929
7481
3474
9931
9122
136
499
1829
5423
1865
2372
179
7523
8530
8196
7693
7845
3694
3279
3675
5962
6756
4255
1309
6007
7808
465
3082
4833
7207
7797
6400
1063
5042
528
1282
6935
5039
1730
8069
6001
707
5044
9067
4731
2713
4344
4442
9888
3002
2086
8149
313
187
8929
3621
3812
773
5583
4958
4689
8950
9491
8903
9268
2207
3172
5445
3318
8258
4889
2248
4570
127
5930
3909
4150
1041
8805
6910
8152
121
1815
1129
8345
3299
7236
512
617
6709
5698
4773
9927
1292
5896
220
9123
554
2691
5044
4843
2964
4773
2397
4922
3900
1487
3463
1554
7041
9452
6616
2952
4024
2264
6440
2626
6506
7416
9014
3423
2125
1516
7882
1906
8011
1274
2988
1221
7480
3467
1946
2319
3524
706
1629
9631
6951
6366
2820
6073
1080
1405
3545
9609
9605
8780
7265
6763
5354
7695
7508
6833
3718
9859
1671
112
4804
744
4558
154
9895
6000
7033
6499
9082
1938
6630
511
7803
4295
1684
2538
5604
1117
7160
5521
3210
7652
6736
5715
1748
1832
6153
542
4909
9114
7554
827
685
3640
8967
1643
6034
3237
1807
9429
4824
2088
4595
8083
7677
4519
8420
714
8359
4800
4450
4395
2833
2406
1177
4672
3210
3327
829
2686
8051
8717
6030
268
6224
5959
3038
4786
9454
1071
16
194
4518
7764
2795
4196
5999
491
7789
1890
1931
7816
5348
8973
5943
8359
9786
3266
6978
1888
5955
9338
2723
5050
5147
8254
6366
6946
8830
7852
1569
9927
4377
8631
2415
5431
2880
4924
9951
1978
9528
8889
634
5221
164
1283
5989
5403
8422
4948
669
7808
8985
7089
6747
3878
9010
6201
4510
337
2792
5460
6203
4638
5757
5496
1126
1742
5551
8182
348
4928
3372
141
8499
8119
6254
6036
5872
8025
8357
5523
4842
8152
8363
2495
179
2277
9861
3994
5157
6117
7055
553
3472
1670
5896
4864
4953
4113
33
8814
6571
2477
6968
2948
554
9947
6407
3568
2018
2521
3438
4791
574
809
4270
1047
1692
8307
5856
8733
3979
6903
3008
4178
1187
6715
5060
6918
2328
3004
7713
1482
7144
7990
3246
9898
1902
5739
1797
4937
2759
1550
4811
821
7501
505
1569
4740
8790
2119
4186
7986
1912
1424
7201
2273
745
7871
3504
5225
7510
6284
303
1780
6219
4093
1503
4924
6539
8189
6021
9155
2703
8379
5712
1826
7724
1296
43
2884
8871
6182
5734
1688
202
7699
579
9774
785
2233
1197
6994
2219
4424
1098
3730
4938
4063
474
470
7608
2898
1686
756
788
152
5961
4392
2843
5838
3127
5874
1091
9970
8364
3785
9817
7575
1833
5974
6381
6006
7570
8428
5354
6376
9482
3870
4104
9537
1898
3240
2554
2942
527
1935
5161
4282
7432
6982
9823
1016
2081
8770
2736
909
559
9952
9857
3106
4678
721
6490
7585
4353
9016
4918
8589
5117
3071
5087
2305
6672
9593
6535
3068
6841
3217
8452
5292
7036
1137
9356
2653
1929
4779
5536
5144
8078
4250
9555
8317
3556
8294
9108
3518
8237
8809
