3319
3577
7510
4563
195
9019
8444
7400
2051
2389
3546
2265
6947
6186
7750
3595
8641
513
8240
7177
8493
7421
3551
543
1947
4451
5348
95
5425
1851
8299
1632
386
4025
335
1035
4919
9520
1790
4561
6860
9800
3189
9077
7065
7048
355
4497
8886
6235
7166
3592
4859
3762
757
1249
3112
3142
8936
6331
3202
5838
8679
544
5183
7275
1574
3610
2220
9380
5472
9879
1448
2910
6164
7823
1867
1341
8965
368
9092
8621
9588
9804
8577
9648
1729
2626
8314
9659
626
1684
5269
1477
6595
1439
3196
2830
3941
7892
7230
5818
5127
2374
1009
4155
9603
3778
3460
7159
47
3059
9394
6817
4223
6874
626
2639
2972
7478
5241
180
8800
1483
6363
5322
2568
3157
5362
2083
8506
2021
2788
2721
246
8351
9744
1997
888
4338
2045
9634
4830
6885
1428
3693
5545
1733
7529
543
5019
9439
5660
3691
6467
3149
5171
2779
3231
3483
6608
7806
458
3179
8204
6988
8678
7239
1435
9492
7594
5107
3189
6835
5176
5100
9589
1424
2654
9858
9607
9729
8132
8720
7010
4461
5620
4825
2942
8007
5664
8776
3301
3147
6900
8025
2617
7400
2416
4810
1431
4519
4439
5145
7202
2225
4569
5463
2490
6326
9121
2357
1066
8063
7997
4239
8683
9515
1880
2906
498
730
8331
2902
7569
2805
2724
5335
1376
9653
4558
2388
5130
5802
1481
8181
1934
7724
4868
8802
972
623
1649
8291
6828
4710
2582
4297
4752
7625
4199
5665
3234
872
6509
581
2348
4371
7259
5015
9162
8052
8564
4374
1027
6810
960
1345
5816
3866
4885
8206
4945
4734
1379
747
3004
9076
3619
8125
2020
3743
4097
3845
1279
6897
8426
3358
9615
5145
2808
5060
7609
1468
2194
7552
4484
1007
9528
6965
2996
2436
6354
7025
3426
839
8209
9308
300
7414
7299
7755
3906
1216
8683
9052
4508
956
7788
4659
1922
3771
9392
6496
4207
5076
9941
222
4087
5918
4585
2474
8232
7740
1443
2709
9831
1281
8987
946
7970
3486
9722
1412
6200
9940
7149
8661
7773
2190
31
1711
4576
8375
6977
413
2034
9551
8003
6249
4878
3171
7986
8524
4234
4540
8280
7341
875
157
897
569
9635
7756
9737
3702
8798
3833
4151
7717
4803
3223
4589
8087
2944
1048
4719
3030
4187
5506
3902
794
4896
7074
219
736
7766
9480
8048
1553
4033
3459
2514
2953
8704
3825
181
9095
6547
2897
7458
1010
8803
1272
6339
5826
1396
5589
2253
3266
7808
1333
1641
8526
9391
2596
6486
6806
8441
3942
7950
168
166
3612
4819
8618
871
4477
4684
7162
2106
765
4150
2642
8655
9977
9868
6934
9228
1425
9614
7986
9746
74
5654
4105
5174
8243
7135
8250
660
7933
4541
3337
5083
3649
7804
7365
8592
6306
2627
8205
9518
8689
9187
170
1726
9784
8271
7861
4869
3381
5922
4752
3855
9746
6291
9088
8301
6208
7548
8486
5191
6226
188
1806
5005
9533
2629
3664
1655
4887
2497
1746
5855
9501
7319
4263
5418
1409
8915
5549
3205
3717
8604
8388
6078
1095
3276
6630
3868
1958
7855
1226
4507
6200
6745
7729
6018
8789
8305
7031
1534
5769
1537
9407
7659
1290
5888
9078
2006
3422
455
152
4274
2573
1884
4934
2417
1135
2916
6000
5214
8811
7973
523
5021
5281
956
2522
2867
228
5072
2661
6795
1561
9220
6541
3496
9986
8555
7434
6652
7404
7723
3401
6660
6501
2606
1784
8342
841
3072
4231
547
5329
2723
8702
8045
5307
2790
3920
2132
3061
8458
9188
5021
5824
3904
1684
2961
7419
6376
2348
3936
8123
4463
9080
6361
9641
9738
7934
6552
9506
9686
51
6166
5577
2825
8422
2816
2158
539
3178
4654
4074
5943
5756
6354
4769
3077
5812
3182
6302
6824
89
6039
5889
35
276
2665
1578
2787
5744
6199
4083
9948
6415
6333
986
6777
5754
247
600
8537
8903
5295
4387
1659
9030
6628
3445
7503
3266
8696
4785
5533
8625
2637
1475
7315
8867
5873
9009
6490
1520
9059
8676
8894
6613
4974
2333
824
1899
9738
1429
5057
8061
4175
2077
1245
7198
2998
1065
819
7994
5537
2205
490
6344
6239
6698
6138
1647
7206
6439
4985
6841
2992
5595
5204
8294
1685
2046
3575
7124
7355
400
1073
9770
8061
4597
3143
2305
8046
7290
9477
5333
1722
904
389
4371
6861
459
6100
5239
2786
3456
7187
6230
8779
449
2130
9406
5737
7371
5512
2957
2690
5079
8459
6618
9235
245
8916
3596
4526
406
712
782
7846
8231
4728
4146
9241
7254
