8124
7073
2861
2876
136
9780
4489
3578
4407
6763
2054
3554
7733
8628
1675
9807
5310
9953
9263
4164
8483
9619
6712
1988
6320
2977
2840
8400
7840
5893
595
5858
8164
5024
2589
4900
8628
8726
3311
6692
537
7350
922
1129
6393
5016
3881
4919
6915
1787
2924
1899
7825
5799
4808
1774
5576
8684
5353
9853
4493
8033
3291
7484
3906
6611
3068
7202
8838
5008
5371
4931
1445
8476
266
4887
4882
6819
7269
5289
8271
6580
4687
8967
4907
5919
1233
912
9141
8864
8599
5466
8931
4681
2720
4243
819
9014
6996
1971
1061
2774
9141
9518
9835
1104
8861
1250
8676
6731
5086
153
2262
6730
4180
112
9755
5785
3214
475
1113
898
5964
1931
5184
6465
2915
2460
3189
6860
2353
2943
8106
1432
87
9733
8306
3297
5165
7944
9491
2400
5713
1662
8789
814
7563
3371
5830
2579
273
3642
5196
1677
1148
9015
4055
5436
3853
6776
5345
2713
6838
7358
4584
7608
6270
293
2868
1850
178
7984
4581
7232
6798
3372
776
9157
6156
7111
4442
9432
9549
4350
6802
9246
1567
797
4399
9300
7043
4444
8132
2103
9077
9838
8977
3308
1256
995
7415
5459
1078
8859
6656
1529
2768
9927
2461
6060
697
9167
8761
6520
8175
1754
7172
451
3300
5541
9117
1310
9786
9203
4319
1235
1255
5783
8537
9
503
1308
4762
8602
59
1911
8038
3538
4674
9680
9215
4646
8132
4237
3378
6039
5643
6463
3814
4670
5471
3890
8245
5602
8017
3086
3562
4798
3239
9393
7317
3437
5810
1279
8993
5877
2297
5216
9955
5802
6656
7497
342
7687
9287
3433
6104
9399
3343
6773
4885
2052
3352
3392
7704
1830
5326
7090
4693
9247
1322
955
4313
8018
2676
9572
1964
5472
3135
9359
8719
2826
4311
2069
5381
6129
1671
4258
9453
4527
678
5865
3771
9653
502
5071
365
8309
3750
8364
6397
4226
4388
2438
8613
6294
9836
5145
1337
5606
1704
9561
9873
6948
9130
8431
1332
2114
7382
2953
1878
3974
6983
4225
8623
4123
7884
448
9428
9537
2093
6177
638
1710
4513
2667
4476
1749
9157
4467
6605
9875
2890
7300
4504
4261
6918
2165
9763
7465
2398
4592
3414
6946
8692
7687
6973
6845
6170
1560
4366
658
1559
8811
4430
3104
4400
2327
7900
9615
5786
4462
9990
7394
4464
3732
4087
2336
1962
1544
9204
1686
230
9831
3917
6970
3645
9677
9305
7298
9559
2142
350
6737
9122
236
287
3729
6047
4494
3147
4404
5338
2107
3492
9742
8344
8487
4493
1785
9805
3670
5835
7326
2257
475
6750
7023
6102
2486
4609
5481
5190
7822
1946
4690
9163
7043
7175
5368
4818
9231
1763
3018
8121
9116
3800
9436
6593
6542
8659
5085
5847
6319
1625
8386
1375
610
7064
6494
2163
3204
8363
5502
2057
1991
6722
8576
8438
1729
9727
3744
4391
2454
8638
4171
8084
2362
416
5372
6348
4510
7027
2165
6601
9403
8501
3519
3145
326
9334
1873
6281
6718
3574
6913
3877
8092
5024
2748
5188
76
7705
2117
1738
7981
6537
9186
6993
5963
4624
9419
9303
5036
9535
7803
1963
2373
7593
8355
6979
2541
7869
7534
808
3847
8001
3219
64
3526
4131
579
7710
4191
744
2054
2453
2560
1524
9117
7356
5240
8911
9999
9107
7533
5146
2209
3317
4936
8080
1189
9098
3786
8328
5681
8096
2526
9002
301
4899
6959
9797
7168
2497
4325
9088
4741
5488
2805
1899
6797
3823
9331
3888
4137
3097
940
4059
2171
3725
1781
1622
7358
3567
5090
5859
5037
7940
5844
6106
3216
6194
4789
260
8875
2090
8471
5074
245
469
2076
5542
4520
7734
42
2127
2658
2483
5190
5197
1281
5583
611
211
6985
8217
8724
1140
8354
3853
5632
8449
2727
3269
9513
8322
9469
8544
9707
6175
2970
9522
9829
2114
258
8853
8939
8017
251
8686
8065
2179
8072
8095
2910
6133
7545
7056
6009
5290
3538
4877
8592
8212
263
4319
7597
3670
6073
6993
6575
4043
8924
2132
4114
3801
1497
6755
1374
6713
319
9893
9584
6772
7607
702
5209
6309
8608
5679
4684
7721
1438
4861
9845
353
5431
3544
915
2529
1848
9556
1928
2540
809
2025
2839
7949
4629
4906
8541
5549
6120
3838
2251
7798
9497
3747
6595
3558
5677
3591
5139
7279
4006
7943
3176
1174
7143
4040
5469
2489
8593
8166
9923
1220
45
3010
9288
248
2834
9977
2496
3935
5985
1983
9847
4947
1074
2371
3115
5968
1695
2095
1804
276
7836
5352
9538
4626
2679
9920
1818
5095
5679
7254
7967
1122
2434
4519
5903
5316
3304
1618
606
416
5820
2434
7118
5478
4963
5447
3583
7875
855
7284
7350
42
1600
4333
5191
4240
6427
2683
1145
4763
9360
1970
441
1457
4392
6203
904
8609
4880
3975
2884
9969
551
7544
8565
8870
3141
7872
8308
5725
4096
9809
1055
2934
5208
5898
6816
9822
5852
2187
3080
6424
4841
4641
4488
9549
202
3258
4769
500
2520
5255
7646
8600
9204
9188
5009
5967
2824
6792
6914
2945
5492
5918
6892
147
5173
6938
6578
2912
2392
1483
3214
406
1663
5805
4297
5605
6885
8452
8939
8902
4015
7048
2956
2989
6633
3518
3281
4356
5468
3428
4771
9934
5217
5695
1690
5194
3015
8439
1899
9675
5703
4446
602
2517
9285
7363
5572
9634
9753
4304
1938
2424
6667
5287
7853
1768
831
5933
5296
1932
187
433
1373
2156
6029
8729
7361
3625
6877
1139
4546
4476
6826
2655
4646
6128
3643
2122
1162
5506
4839
5121
5206
8042
3036
821
9162
7137
6959
8340
9989
2834
7013
9563
6125
8112
7531
7354
5643
7681
2259
9896
8875
1580
7372
4047
4620
2077
6481
9951
6302
2645
7819
3689
2863
7399
3412
3285
6565
6297
7152
2918
1035
9465
1739
3850
9093
6781
6902
3919
1925
6876
8193
1182
222
9578
4979
4503
2911
9665
474
7926
1836
1003
9254
7388
6566
3730
1168
8741
4958
6572
4668
4542
6349
3068
4188
2913
7977
2965
9543
3959
4714
457
6590
7513
7107
4859
70
9310
9229
4744
2799
9077
574
7888
7250
7252
765
1600
6474
7468
8789
6573
9932
1676
4022
6803
6798
1388
4080
292
5950
2623
5039
5738
823
385
8888
9161
6294
5997
2839
4413
3110
7713
6621
6867
7171
7027
5612
9936
8008
1009
7077
8348
5269
7543
9855
2673
3804
2370
294
3652
220
5115
3029
6444
1340
2278
3627
3073
4360
8167
9608
6108
7001
6196
8351
1785
5588
3838
5962
5816
1919
9483
7585
3040
2953
3154
5794
2186
1165
7493
2
5045
6135
3480
7882
3556
2903
4741
7806
9677
5351
8587
2954
1574
7066
5049
3846
3609
4107
1239
8296
8092
401
5975
6175
7501
3755
7500
9976
3697
7559
8593
7037
4845
7127
6198
2967
4333
4632
1956
5345
2087
1424
1287
5688
7301
4505
899
7628
7052
578
2598
9207
6882
4318
5952
2032
7384
6792
3580
7547
2101
4015
9428
6711
9686
4028
3210
9624
4851
2573
1217
2046
7537
8642
9767
5188
7034
8468
7992
3715
9544
8802
3286
5885
9643
3797
3148
4947
8168
5798
3608
8921
5764
482
8250
4383
9043
3016
631
30
8047
20
4137
4457
7725
5381
2786
5702
4707
3148
6135
7289
7521
9848
5554
4596
8062
2200
5572
2778
1868
8528
9672
6058
5975
3250
9067
2002
8466
1528
9082
9148
2510
8771
8677
222
7318
1074
7745
6295
4388
2540
191
1564
7646
4404
4261
1644
5613
1605
5275
6261
2529
1109
5319
166
3811
9165
6216
9739
1021
234
3307
9297
8538
7114
2261
3011
6969
349
8172
6045
4919
9641
1127
5828
6083
3453
9847
4380
6308
9085
1617
24
673
8676
107
8150
710
2539
666
9413
5572
9868
5851
8014
1799
9243
7615
7724
12
6742
6618
3949
7401
432
8165
5011
6893
9446
8189
7921
9054
6796
475
7114
4669
3769
1894
1772
8393
6655
2698
6503
2933
427
9824
5516
6863
172
8255
7418
8217
4811
7000
884
1071
3540
643
9448
4661
6280
620
9103
6321
3829
9055
1692
3205
5319
4713
6363
1811
6737
4334
5583
7434
158
9736
2107
5819
5945
9332
920
646
798
8633
3270
1419
9789
8217
833
9144
8167
904
1464
9102
6851
9606
858
8748
2314
3894
8474
3408
6275
547
418
9348
8717
6203
8248
7423
5940
5586
2710
5807
4715
3946
9611
7
6379
1774
9464
9801
2044
8621
5530
1786
9124
6633
6355
4044
7884
3097
637
5607
614
7717
6760
778
2739
2352
6355
6846
5508
4032
8122
5408
3828
7084
727
2752
6568
7956
9880
4787
8324
9994
1975
8741
2653
2878
1600
5043
1570
7316
9886
7096
5549
3352
3470
8007
2459
5559
6545
3696
6481
4558
848
1259
9897
1991
3944
9484
2416
1195
1981
7143
5852
6835
9256
8580
118
7821
386
6755
2203
5950
730
2742
2333
6484
7262
1994
2608
8545
5652
1293
7966
163
2350
6766
5182
5724
8059
7155
1673
7928
994
6250
406
1339
3051
4737
8266
866
5899
8368
4184
4426
5246
7268
9743
9563
3189
451
2059
8290
3473
608
3461
3535
6496
2203
8162
9635
2878
1661
2384
1645
2846
1811
6288
5637
5416
8447
8208
6351
8695
4594
9936
3202
4860
646
6951
2393
1051
2101
9193
8340
7257
5769
7133
9077
9440
7691
5756
7514
5149
8954
8024
7291
3239
6334
720
5817
7616
4583
8670
9534
9530
8337
8741
5801
3299
7084
4154
1101
7246
8686
2685
7479
432
265
2729
702
5118
5978
4719
8764
1106
8100
4698
6243
8895
30
1797
2542
9894
3505
1853
4981
2929
3953
38
9788
8624
7577
4168
3482
2385
3786
5584
9910
1182
1990
5137
2411
6115
3101
5321
6248
261
8224
6459
6246
8066
9013
1929
3236
7387
1769
6936
136
9778
6738
7769
9154
8151
4724
8757
6910
3259
8447
404
545
946
1054
4726
565
6491
6939
9828
7184
7119
2153
6007
5613
8044
1979
38
9065
2959
2088
6156
4549
3499
7817
5883
5742
9831
5474
5366
7991
6766
2697
3972
3018
2389
3957
7308
3358
3207
9028
1893
6063
6793
7898
5539
7448
1454
4998
6094
4333
2624
7127
805
9144
9140
1210
2060
9677
9419
3343
3564
434
5474
9565
4088
1705
9482
875
5414
4043
8601
4025
2333
3204
2252
2355
4786
922
9138
2966
1887
5785
9349
7576
8428
2111
8961
2113
5141
6724
5610
3869
6677
2661
2566
6099
6608
8380
5784
7901
6688
3276
5326
6950
2593
271
1208
2523
6782
6323
2359
1508
4933
8334
3159
4920
4690
6736
6335
5495
3057
9044
2366
1593
4023
3661
8526
7187
3080
6634
4997
6213
935
9696
2786
479
2646
9408
4455
5387
3765
2275
7636
399
9808
869
3103
2407
1337
5812
4205
1611
8860
3072
4179
7940
4045
3196
8366
83
7370
8497
4393
4278
612
1735
9208
2421
5099
2417
8333
4375
6447
9219
7393
5624
6655
5734
9413
4186
3614
5224
5976
3261
8537
7749
5746
175
2430
2114
18
9907
9294
1247
8737
6300
8881
4435
9086
7989
814
8039
7182
1870
5126
9457
2062
7795
8128
1217
870
9848
2960
7875
8380
1059
4362
7172
8359
513
5334
5680
9398
4977
2802
2083
5872
4024
942
4504
7381
8397
8252
6691
5003
9546
856
7917
5067
8203
4769
4908
7056
6309
6283
9361
2291
4221
1643
8808
423
1373
6911
3933
9085
182
1556
4997
8097
415
5460
7302
8819
1947
1207
7098
1875
43
4806
7489
2872
771
2351
6185
4370
247
1004
3022
5497
7318
5527
8249
5589
3604
7822
3042
8318
9979
8248
6501
5117
8293
7994
3568
9296
4435
2898
750
9071
5962
7304
5102
1398
8828
3350
4914
4473
9656
2099
5488
990
737
4531
2202
2671
3009
709
5684
8379
6594
2768
1137
6729
4184
1835
5428
603
5393
1937
210
9405
6670
3678
2297
999
6120
2819
839
9400
7619
5122
9193
3880
4869
3778
4635
5305
2660
9412
9286
4682
3454
6949
4233
8566
4479
1182
8462
7809
8559
2329
1673
3099
6003
6364
7022
5459
3247
7291
5803
9250
4405
3070
4399
6552
3355
6343
8389
6461
4475
1151
8110
897
8475
7915
7164
2787
7764
5488
9629
3339
3083
6220
3436
4454
5716
2240
5605
9464
5918
8751
1470
2059
8489
5427
6530
3511
1730
3168
1614
8457
7479
2384
9473
751
418
4680
5812
3424
9227
1740
9565
5304
9266
6192
3004
9256
938
5852
2314
7532
4435
3479
333
5486
4641
1298
241
6513
5373
342
891
6015
3896
7493
6428
7148
5374
9459
3285
2112
4736
296
2386
3358
117
2134
8373
3130
6476
1773
7119
3309
8434
7043
6060
8070
3868
8270
4306
6595
8126
6188
1160
9359
7146
9584
8995
1846
7668
4581
3935
5374
8586
5100
7900
6317
8981
1587
6155
2041
7241
4195
1977
2573
652
2247
4352
5967
7351
2278
5113
1455
2750
7064
913
3240
6305
882
5877
8064
6737
619
1371
6350
2836
599
6082
8381
3969
5016
5365
2092
7162
9151
4910
1972
4421
4466
869
9701
1483
4854
6133
3712
6546
9499
9119
1749
4130
1794
7579
1320
1998
3305
3958
9266
818
4868
3679
2919
8929
4738
601
3054
2657
2160
5831
8664
4197
698
7334
3229
1024
300
1486
2201
1726
2801
2763
8761
7534
9031
5008
4648
5900
1560
605
4174
1441
8402
5242
4478
2715
4606
1508
2365
6319
4978
5298
4413
8120
1389
4418
71
242
1369
3144
1743
3411
9057
3000
768
6771
2061
4437
7443
2478
1383
6149
3477
4006
5708
2046
1514
6085
1909
8621
2443
3215
6386
1236
9444
1975
1502
5560
3398
8769
2861
705
2225
8048
4620
2805
7063
9192
9088
7986
4757
9364
2863
3427
4320
757
4536
2545
827
15
6953
8610
6265
8365
4771
4135
8768
4661
9805
6956
5662
2100
2602
3899
3669
4029
5557
8212
7409
1148
9619
8220
8416
4073
1299
4574
5760
1293
7457
7472
1947
8523
4560
449
4294
6694
2065
3019
9131
6675
2759
8893
363
9657
7311
6836
7037
7406
5146
3796
7634
3464
237
5641
6753
5468
3824
7074
4275
6123
538
1456
2969
7032
2223
1443
4614
2012
7351
8389
8467
3828
3625
6057
8603
1967
2909
8970
1917
8357
7479
3828
3630
1159
6599
1816
7806
7223
7064
5089
2149
1357
3618
4972
2002
3142
4382
8287
4598
3740
2396
837
2559
3166
1073
1409
9757
8933
2678
2721
4715
4983
2080
7502
7871
8374
4210
3146
7708
1771
6970
2442
6674
744
5602
4702
6535
4753
9135
2277
8999
8870
4624
5801
7420
4315
9129
3831
4338
9924
9311
6575
6391
6841
7576
2409
5209
4175
1840
561
7440
103
5114
3517
9932
3818
6642
6455
3875
8868
3286
3312
4746
9199
6761
4232
5003
80
4538
1784
326
2220
9348
370
9263
9478
8278
6217
4862
337
2871
1357
5200
1004
8270
8429
5745
8789
3599
3347
8645
9363
321
4482
312
7957
7379
4689
1034
7357
3850
962
1500
7460
292
9567
9769
4993
6138
8706
671
2524
568
2501
4644
3721
6292
13
7027
1094
2014
534
3120
6991
2263
9437
2017
5333
6653
7022
6558
2815
3154
3089
149
3978
8976
7732
7550
7350
4653
7436
2086
6264
260
1938
1590
6722
2742
8639
5428
5108
1616
666
7766
251
7657
8245
3954
1062
2052
2501
9595
8772
7581
5616
267
5445
1781
6
5780
4320
4406
7944
6474
9388
5197
337
1305
7404
3455
6694
4245
7457
4223
2973
8551
1806
9647
4184
8204
6227
3268
9739
3608
6166
7695
5205
2803
7723
4553
2365
7131
1249
1107
9925
5354
5638
6105
2154
219
3701
1159
326
1515
6070
8322
7544
2991
4735
9576
7854
3864
1942
7644
6374
9853
6949
3345
5405
7551
7937
8312
8159
269
9959
6022
7926
9500
9463
4130
2371
4192
5196
7897
2010
7318
1267
1508
7661
1904
5701
2720
5716
3040
5713
4633
8828
7441
2451
8960
3968
2544
7192
2350
3486
7498
4622
3821
7534
2576
1601
6741
9174
5078
9119
8121
6862
7254
752
613
6159
6772
8822
3911
6701
6074
182
1287
4593
2521
160
1595
9847
402
9820
4181
7656
4991
3172
5885
5594
8378
8538
2389
9466
2683
4969
206
1861
2830
1152
309
7818
939
2802
5636
9675
5862
158
5316
3596
4613
9405
2358
7989
1149
8275
447
4217
4131
6792
903
8638
3739
3919
9147
2292
1103
5527
3482
4739
5689
343
484
6868
6630
223
9978
6663
3557
5480
1725
1551
2526
5624
7181
2536
9749
277
7480
6072
7214
6763
4248
6537
2619
4011
7387
7866
6983
9216
6008
4385
1830
2685
2834
5316
1842
2380
8138
9700
4865
2053
2127
4130
9184
3989
8573
4715
7340
5322
1204
2854
2049
6305
2877
8746
7704
8787
7596
1011
4985
2974
7661
1907
2986
786
3099
672
7122
9305
8599
880
2827
8262
7260
8125
9388
3513
757
7935
18
6064
3588
9926
3939
4488
533
1386
2754
3947
5805
6388
2744
5830
6539
9791
6939
7672
754
9372
8932
4001
4334
7689
8812
2876
8978
4153
2223
2445
9014
7959
7132
8242
3782
2647
6673
3863
327
5298
4441
6833
4092
489
7090
964
7740
7924
9947
9010
9477
8688
2816
1315
6046
8444
6010
8967
3974
9860
328
2080
8038
4770
3879
3895
3618
6646
2607
1567
3602
1556
773
6172
9548
3850
7411
7087
179
9110
3769
8996
9861
3129
2279
6870
1485
4657
6840
8943
1372
8620
8376
6300
3057
1758
7846
6399
9469
1259
2333
5662
5840
4373
7993
5705
7336
703
3127
8062
633
7330
3204
8114
778
1579
2694
4475
7609
2463
3160
3064
1715
1939
1512
5574
6846
30
5702
5276
524
933
1316
2927
5807
234
6680
8315
2861
6501
8260
9666
3330
615
9114
170
4023
5206
141
8128
8537
5459
1057
1571
5696
4366
3771
1857
3399
5339
9442
7653
4482
4461
1464
6773
9001
7866
163
4318
1661
1931
7249
1787
6842
5817
8551
4978
8663
5881
5988
5044
6345
4925
6646
8868
8305
8306
6343
9609
340
1812
8975
9757
2238
6006
5474
6455
4351
9812
846
4440
1483
9252
6590
8026
1689
4247
9978
6585
2001
1720
8926
9800
7423
5331
7373
5868
1160
8363
2396
8437
4770
4616
1944
4700
6103
6281
422
8147
2530
3366
2809
600
5885
8957
4865
8271
6129
5590
9037
7362
8098
6353
3467
2328
5730
8502
6505
9049
1266
4841
9010
4492
3635
4716
3827
7996
1316
9444
6454
905
2244
2071
3741
2008
1273
6265
59
2247
5476
3387
8083
5236
7293
8546
1663
816
1003
8207
570
4039
5312
8637
8844
1806
8309
1708
4640
95
6632
2128
3589
9757
2861
8811
5407
3299
3120
711
6412
6095
5700
7565
9766
6602
9830
4316
5336
7432
7680
33
7266
9163
7590
2775
5493
2389
2663
4073
8681
9944
6312
607
7299
594
9619
134
4381
781
5981
4558
2767
9944
5416
2872
1939
2960
7725
4270
8888
5735
212
6501
5603
2085
7855
1662
1580
9435
8772
558
3907
1506
2399
9209
5168
8067
8432
7614
887
5930
7938
9851
2731
1281
9168
7261
778
737
7464
3005
1503
7190
8851
3013
2238
4469
7993
442
7898
3704
6153
4441
120
6711
5760
9972
470
532
1241
4582
2664
9027
373
5222
7602
6094
5548
11
7985
6066
3261
1487
2003
3764
6834
1586
124
1721
5840
3705
9915
192
2765
8932
4535
9573
5693
3679
8881
2425
7365
3154
4064
1616
7082
9880
1704
3637
1234
4728
955
4796
1134
3955
2916
5850
6892
9645
8248
4683
142
8407
2115
6533
2651
3871
4346
8085
3653
5914
7221
1315
7576
771
5359
1084
1652
3716
3797
6914
3501
4630
4183
5058
8627
6334
881
9961
7146
6663
1633
7409
1755
2439
9706
8612
8625
318
9746
8104
7184
2961
5370
9853
6990
6972
8733
3164
3878
4388
1750
6
7407
5924
7903
7417
7240
7246
5675
3236
21
3970
4683
3076
4011
5075
4864
4352
8656
9671
6797
3061
3457
3809
5356
4708
1249
6003
5642
1709
109
6345
1125
3218
1865
6363
9575
3730
9230
634
9599
30
8576
7322
9801
9633
4965
2627
3774
4749
1573
6686
6017
137
7014
7999
9354
2985
2661
9262
8518
1296
9224
7229
2828
7161
7497
5278
8677
3179
8085
5508
598
7458
1475
2902
6051
2740
707
3495
1148
101
7260
295
3576
6554
5224
4275
8848
9887
7330
3693
3077
8860
1801
3351
3971
6533
807
7491
5275
6412
128
7157
1233
7080
2841
5196
7616
5039
9279
3660
8714
9482
6158
5096
6347
4322
4706
2414
2711
0
1500
9509
9481
7291
9876
639
9904
8727
7366
4536
2371
2135
6855
6649
166
7368
691
8171
8032
8266
9331
8784
3746
3010
2603
1748
5950
6754
1648
3027
6533
5556
8916
8586
4900
5986
9509
4718
6669
2844
3602
2775
5540
4538
1449
2879
1913
7204
7966
2887
2381
717
5575
8965
7259
5759
9001
7873
245
436
4551
2388
9418
6453
1351
1313
8948
3458
9363
4948
8862
7779
3120
2096
2909
9908
6362
691
3811
1774
6794
5451
4154
8838
8232
9382
2610
7522
5648
8001
5583
8156
8974
7775
7281
6789
9226
2269
1773
6074
9381
4535
9063
208
5743
8318
7342
6180
3492
8315
8066
82
4333
773
2430
1113
5464
5959
3241
9307
5424
7023
5666
6795
5981
4101
2251
9417
1155
1733
3572
9911
8918
528
4316
4860
4159
4135
3054
3173
1108
9607
2706
9748
2881
5927
783
3809
3037
4101
2035
6628
5595
3027
8008
2432
9551
5326
2078
1866
7187
7277
2597
572
7801
7998
571
2009
9559
3488
76
5472
6726
2941
1925
6534
3276
7956
3407
9011
7184
8035
9909
404
6991
8446
2440
2943
8800
9337
6822
9417
5290
9126
7673
2889
9458
4604
7398
4993
8359
954
4072
351
7323
583
9576
3995
7561
5580
3559
552
8233
6677
9130
6223
3107
1404
5234
7254
1467
4163
7255
7001
6199
4761
2759
1855
5910
2225
2740
1514
714
8396
9824
1574
6589
527
2895
7127
4104
7635
2291
3012
617
8831
6968
7825
8507
9217
165
8645
9239
3503
2539
928
3552
3545
1272
3980
7123
3413
7076
946
3585
6024
6050
8295
28
6803
8615
5748
4433
3547
8005
1181
4414
9580
1759
4927
9887
8152
5621
7024
4291
8452
3906
16
8004
6220
4178
3832
5475
1805
621
8964
3740
5718
9655
3277
3500
2740
1754
8574
4649
4538
3589
8119
6596
3470
1380
9640
9986
5969
9092
4659
7680
7344
8159
8760
6571
6985
9382
9799
2045
4099
8908
3010
6944
6438
7694
6904
2811
6452
9247
2366
7064
3766
6739
9140
4869
3881
1285
5309
8995
3427
4412
1040
6080
3336
8928
9533
771
8203
3718
6447
7163
6898
2282
8651
5731
690
353
2254
387
4747
416
5977
4055
1268
2780
4361
2846
5807
7492
8455
2774
3351
1524
7170
7073
8981
2548
1628
6913
8309
5885
5560
6076
7878
6689
2745
9410
6668
7033
3948
7950
7618
9029
2828
6073
3503
6737
1791
6576
6004
5673
2500
1374
7392
8159
2546
8903
423
7637
9615
4639
1406
9359
1036
6890
9479
3329
1778
4026
9506
5461
1440
4134
7431
6533
6484
8061
5420
1032
1873
8315
8072
1867
1984
9883
8107
2001
4614
7795
8239
3340
2128
903
6780
7004
3543
1527
7327
7317
9603
7132
998
6698
5329
6514
9771
5028
9680
9839
2969
340
2724
8843
1538
4030
4404
3922
6571
9941
8836
2552
290
4841
420
4741
808
5635
4260
3749
3626
3976
4173
9636
8057
6644
3512
8992
1484
8951
9396
4824
5544
6987
1101
4804
1928
9880
4354
9113
2888
9601
1742
2417
9069
9309
4826
1067
1107
9248
1292
1239
8348
2096
1998
322
7822
9857
9011
8871
9425
5139
1755
9912
7275
8813
7813
2935
8324
9748
9500
9145
6974
3289
9308
1426
6162
3795
2051
7309
5694
1939
9106
7172
1403
3906
1890
9141
3484
5263
8196
9985
1899
5550
6666
7567
2653
7972
2695
4645
9821
1636
8953
3443
7202
9577
5582
980
9033
71
5941
3388
929
2830
3368
9473
7266
2391
7000
6709
35
6865
9930
8532
4955
4614
6080
3742
650
1556
6320
5618
1439
8441
5660
1632
3954
2871
7773
9065
5672
3900
2223
4395
2253
5679
9172
2443
9133
667
1043
5556
2347
7219
9262
656
1519
1119
8460
9001
7540
7652
2662
4798
7122
7471
4069
3451
8590
6804
9481
3241
4560
805
5388
9895
8009
1885
873
378
7810
7507
7197
2701
5883
4427
6379
8098
1446
4004
4992
2686
4074
8467
3358
2333
4859
6364
5034
4785
3974
7181
5405
8014
9469
4730
3109
595
1276
8943
9582
9553
6181
2967
1124
1740
8455
5935
4336
3393
4063
7331
4017
6874
984
8611
523
2119
5326
5143
3583
664
6555
5429
2969
6133
6804
2642
8889
3050
2934
7757
5315
4306
7592
6629
3420
1324
5309
8413
6518
4212
3429
4684
1577
8335
5029
1597
3426
7397
598
2008
8311
4330
5808
4815
9237
9883
7135
1763
1906
48
4875
7307
6960
9956
6484
6883
9693
7228
2842
1800
3270
9720
8953
8987
1120
6887
2244
973
1875
5411
9124
5462
5583
9955
2182
5692
2686
1258
3125
9669
4338
1544
9608
9586
1671
1293
4805
7741
8489
4878
7321
3282
9198
6935
6406
7764
1620
9113
3014
9078
9849
5474
7719
9995
9590
7517
1430
530
2829
1422
1970
360
4901
9024
5198
4711
139
6628
4874
4793
9109
1984
4331
2520
1483
155
396
7386
1504
7132
6654
1189
1694
2624
2818
5712
6785
4917
9671
8804
6190
305
2872
8642
9471
8150
507
4597
2287
1919
8446
8636
8699
6758
324
2745
7907
8953
9904
2143
1565
8395
5504
8408
5354
8374
6885
5719
9209
6636
7500
3898
9268
4680
2785
5996
6864
6403
8934
5493
8
6379
7068
4355
7465
1124
7708
176
2856
2106
2046
8330
7033
454
5663
893
7682
4476
8147
5199
2901
7151
6886
4623
4162
4402
7263
4202
8315
2192
1275
5495
1985
7283
2108
352
5595
3412
7993
2751
8705
1293
322
4520
5650
8934
436
8174
3268
229
3547
598
803
6830
4073
2241
2313
2169
3435
8506
4054
644
3610
1318
9784
1989
3696
9172
4662
6495
7258
730
4166
4026
6138
912
8608
5096
1354
2326
4588
9595
1044
4853
4033
9678
7061
3935
6700
8406
940
7461
4328
5169
436
7813
7982
6523
4251
8595
6782
4348
7248
2819
4435
1112
6989
5197
8776
909
3690
3836
5633
1418
6780
91
2535
7040
2962
9855
4340
5268
5018
1891
2191
4627
7422
8070
1286
9223
8536
5814
2714
6600
7148
6752
4094
2890
4073
2278
4612
8460
7132
3218
8304
655
1915
5997
8977
5178
3524
3353
9443
1541
508
2867
1291
7687
3531
850
1524
6752
6191
9662
8606
1599
8133
4591
5314
1695
6944
5336
5545
8951
2859
6578
1081
4531
8884
7828
7613
1037
6868
1754
9403
6552
6964
9468
856
1723
9000
5368
8140
7221
5268
145
3442
1884
2901
4668
424
3748
8278
2406
5360
5531
3821
3331
4457
3088
4348
4122
4584
5290
4616
888
3968
6978
2570
4943
7147
7251
8497
7501
1415
9907
7602
4793
3981
611
6547
8669
3781
2928
1317
8985
1268
59
206
6723
1902
1910
5153
3647
5408
5048
4414
6168
4110
1955
7029
6322
4297
4280
4064
148
9757
3172
8987
14
9367
6142
1609
6137
2561
2403
7669
8202
6080
3790
3556
7013
8504
2311
5413
1650
9589
8248
7841
5662
3329
7240
3289
4516
8749
3410
5207
4415
2135
1591
2051
9090
5444
845
1743
4065
2574
6698
1707
8368
713
258
7700
5014
4509
2815
4063
4650
6349
1348
8231
116
1143
5614
5837
8658
1600
9065
9430
5640
6373
7
9613
1793
4315
1041
8247
1406
1446
3143
739
7147
930
6000
4315
8566
332
7809
7617
1849
2828
4524
6464
8855
3453
7794
8436
6969
8429
8236
8534
4714
5315
7532
4382
1887
4986
1082
5947
2276
3038
2801
4485
412
3152
4660
544
5259
6049
3640
5274
2355
1555
2391
9095
8669
8788
4826
884
2169
5741
5826
5430
8513
1730
2727
6062
5882
6941
5829
9417
3671
8877
4685
3262
112
2999
7153
5085
8656
3748
4116
6659
3609
1286
5976
5628
2597
6255
1988
8053
8893
215
5820
6052
3266
8066
20
4
1912
2367
9181
4931
3154
9536
2119
5202
9595
1757
6345
1188
6889
2153
6273
9504
5232
5129
5450
878
1277
9186
5255
5158
3869
9180
5550
8743
8224
2715
3572
1611
7124
8383
6263
361
999
7537
6710
7837
383
3943
9452
7463
1136
3795
3222
3413
9598
1516
2112
7289
699
3513
1308
8617
3786
4505
2557
443
2379
9741
9300
8661
813
2032
9754
5281
8172
7143
3635
2493
2819
709
8231
7476
7024
4919
5219
2259
1799
2735
676
5471
3621
177
3997
238
7167
6257
6792
9050
3621
1554
729
7828
9574
9489
9536
3173
5807
6293
6559
592
9067
5515
3651
6306
6376
709
6613
5237
3516
9217
814
6646
1395
8118
1219
4623
3113
4802
4333
3524
9101
3532
3713
6500
787
1838
7658
1426
7253
2120
8106
4658
1210
739
7546
8949
8761
7773
6358
3797
3096
3264
3052
251
4328
7585
9028
7259
7074
3629
1694
9087
1685
6169
9538
7312
2511
9778
5881
5667
3365
4565
616
8150
2042
1687
4054
9507
5216
9452
3130
2749
4339
126
2141
8715
8223
9150
6247
5291
8470
2958
6654
7810
4647
4294
5701
6991
8270
2669
1463
5152
7145
3829
2925
4071
3825
8207
9334
2329
7309
8509
3707
5285
428
772
7834
1997
8201
6562
7204
5001
622
3263
5418
7284
9410
3248
715
3464
2156
4559
5414
8771
4386
5726
4908
8382
3373
8054
3582
4458
9601
6651
8513
5569
5869
8061
7340
4161
9223
7268
9292
2359
5946
6695
7927
4410
699
5267
3493
5785
931
9973
1986
5131
5684
9432
9780
4026
8727
9041
5168
5228
8271
8594
5832
9558
297
5303
2011
5325
9851
4937
8631
3347
6724
9104
6652
2168
6853
5821
6712
4372
6375
653
7338
8388
5411
2515
953
3239
8144
921
9560
8479
6878
9881
6293
6845
9894
6453
9031
8687
8983
7536
3543
7876
1195
9732
7829
7577
4436
2887
9717
6811
924
5500
4474
4277
9643
3170
2713
6401
9062
1489
3329
6447
1659
5887
3405
638
3547
8729
3384
7355
943
1517
304
8923
4212
4865
9607
1033
2104
8148
4896
4745
1509
6309
3261
7143
1887
4560
7668
2702
6031
2912
5675
5788
2875
9416
6367
5323
989
715
1372
2204
1994
593
4901
6298
117
8463
3253
3907
1301
7966
9843
4751
4377
9280
8073
1887
9096
6105
4699
1494
5788
4064
643
1404
9805
8650
3395
2596
9291
92
9883
976
1647
6033
8961
3676
8400
4684
2860
2121
3162
1278
6524
395
3238
3398
9754
9090
9722
9257
8513
8730
3181
2071
397
1225
4952
5201
892
2160
5329
9097
1480
7366
6232
1527
3191
7345
6718
3513
9359
9424
4958
2023
5309
7633
2256
192
9927
7421
718
6261
9937
6818
520
9584
2363
2268
6848
4200
9011
1487
4371
4240
2659
6407
6975
3743
5705
9053
6286
192
4246
7751
1054
3500
1224
3842
4630
977
4539
701
5305
1387
752
9000
8434
8563
8692
9744
4057
7630
2285
504
3914
3774
4307
9319
8655
2673
7873
9591
6559
6044
1196
9160
5669
1501
9054
535
2021
5179
9373
9492
6507
9643
2786
8543
7057
8702
1125
4536
7395
6936
7879
2239
5502
8100
1961
575
4994
7453
5467
7437
1640
2871
9629
1312
788
5580
5
730
3202
9480
5435
1260
5258
7886
7221
9553
760
4981
8583
8777
7209
1395
5929
2964
8156
5873
146
7446
5993
230
2251
7832
7999
4639
9862
4339
8460
554
7551
3813
1812
2622
4116
8853
407
171
5178
1628
8963
2546
1260
7599
6644
9351
1557
9386
2244
8353
3720
4510
7093
7401
7539
9349
7591
6204
247
6723
3597
1058
6124
8524
8290
1253
7030
6305
2093
3231
5606
7635
2836
1952
9831
1566
6549
256
6322
7241
1188
9865
7763
371
495
7954
7350
2937
9766
6972
2315
6296
4185
9931
328
5130
1702
7614
1349
6135
703
1770
6008
1156
8149
7675
6858
7990
1006
1722
9348
1441
2123
9249
9007
5602
7108
6231
2220
4011
5663
5965
4853
9232
6213
7988
5836
7146
7593
7938
1937
7950
9421
2852
9959
4208
8284
4719
7834
8242
1927
7726
6532
960
7895
212
195
7385
2490
6793
8054
9697
1476
1284
5214
1615
3258
8486
753
5875
4236
1509
1340
5277
8360
7504
3098
5349
7175
4514
7511
9014
7465
2040
6937
2159
5442
1938
2281
3722
2629
3991
8124
3869
9972
7792
4017
8225
6463
3000
9872
4425
8810
3417
9844
3089
52
2312
9957
8005
9814
1469
9259
7200
6430
133
830
4777
5187
5544
1730
5933
4416
139
210
6495
4192
8299
5606
5862
3757
1229
2206
1756
9337
3773
2
7431
2495
3409
2021
8982
5431
1373
759
5810
2631
8744
4465
9128
8695
3538
2125
296
7657
8362
5466
9730
5417
5596
6710
5237
1847
3332
5210
4663
772
4702
7928
7638
2342
2133
3383
5715
3447
4912
4374
6669
3855
229
4808
2148
7674
1317
7214
9332
1460
2552
2058
2715
8191
5729
2573
7409
4353
3792
6159
1688
7255
6743
9854
771
8743
7022
3124
9311
7445
7755
9739
3395
1369
9292
6305
487
5074
8807
3537
4220
3682
6730
7337
156
3399
8373
6245
7297
5340
7871
3420
8521
7815
8869
7329
8755
1285
7511
714
1835
6796
3705
7032
6294
7576
7273
6042
3321
8381
2424
5123
5312
6907
8339
8770
818
1970
9405
2213
5050
6562
9039
1065
8920
9193
3078
6893
452
4267
4735
3517
2694
6438
1513
4632
8387
1567
4583
9668
3247
8631
8280
835
202
2466
3911
7599
5845
7822
5579
6432
7685
1662
4221
5566
9641
6509
3177
5828
3032
7566
1383
5635
312
586
1746
5007
7600
3212
2896
1630
7241
8242
1703
870
8192
9382
7630
35
648
3984
7283
3665
1090
5617
1268
7512
1110
9460
8745
9825
6322
924
3396
7735
3104
7552
9975
6923
3637
1983
612
9525
6977
6602
2188
9362
9449
2171
6866
4748
3528
2417
8126
9294
9565
7120
1548
6528
2763
241
8823
3767
4286
7784
6670
2490
9886
5511
2669
962
7823
6890
6844
312
1269
6207
4198
9948
9292
573
2851
7572
5365
1034
4359
9355
4246
3096
2491
7230
6532
4554
6786
4515
3735
9823
2660
5750
7176
6174
9244
732
6372
4051
7608
7997
8037
8932
5061
1331
3506
4076
199
2548
1505
3234
7095
7750
8119
5613
1881
2684
9551
2867
2810
7004
3147
5365
6912
552
1775
3248
7883
9604
7493
3360
1008
8625
7890
3733
8085
8388
2487
5859
8613
6538
2155
6825
4056
8498
3437
6107
1338
7291
1859
2498
2856
9454
5477
3959
7232
3381
2935
7234
5256
8513
7287
6921
6239
7165
7259
1222
4002
9370
7738
8139
209
9523
8497
1399
7010
1345
1482
8809
1530
2003
4010
7944
9031
2305
7214
3692
4420
3127
8367
5961
4078
6701
3610
6485
7690
9084
2668
7185
3957
5496
7700
7279
9934
5795
504
4386
4279
3550
9317
4130
8572
6189
9431
7156
9413
1147
917
9439
7483
7418
6657
6705
1699
5581
2280
6632
3932
1281
5041
6620
1898
6268
7036
5434
9252
8739
2870
8004
1746
2957
6179
5787
5626
1222
9813
3860
4763
3618
9213
7657
6198
3018
7050
5314
1794
1425
2602
7155
9850
1789
8694
3528
2549
9199
9735
9026
4231
9524
5677
6639
7742
789
8064
5957
3557
3931
6741
6633
213
7358
4612
6531
8974
2392
1950
8206
1277
7517
6136
3782
9550
9323
9136
6807
9924
9863
8593
8175
7259
2848
4663
3914
7050
8607
1647
4378
4690
1527
8054
8941
1923
7043
9088
3461
7600
337
8031
5410
6539
5771
9464
9394
2678
4894
8866
8511
7623
4899
5118
7273
4910
5367
8799
7347
7429
9415
4633
5196
9015
3118
4242
3673
2953
9848
2508
6590
4643
3049
6741
3541
4389
4677
855
2002
2773
5188
2819
1471
7924
3130
1474
5910
2909
9200
1282
1778
9450
8649
2808
9729
3571
2891
7936
3860
1030
1316
7188
8209
723
4999
5755
4124
2428
5033
113
3420
1202
6810
9011
7374
5612
8868
4136
3025
5531
4358
6946
2560
7046
2735
4843
6897
1435
3986
5773
7815
7052
5483
6513
9513
5786
504
410
8818
7559
9626
4531
8346
3991
7388
9437
3347
2223
1862
348
8592
1642
6078
2536
9870
2348
4800
5224
3908
8713
9524
2407
6311
6391
977
7402
413
6379
2418
1964
551
1814
8505
1305
6517
1469
5868
3511
8652
3578
7241
6037
1522
6615
2885
1042
7942
4931
8982
490
2958
39
4187
2591
4216
4876
3290
9836
5798
6587
102
4876
2824
391
2302
4189
3385
5649
6768
1681
6438
1887
6477
7683
3888
3428
1286
2872
4089
5449
5557
6924
7760
5239
3726
7688
8773
5672
9639
1755
3766
431
4902
6144
3650
9162
2816
2027
5013
4892
4055
8499
8528
5525
3521
9909
3612
6830
9499
8812
65
6105
5225
8956
8920
9306
3178
2831
5305
3633
457
6331
5722
6377
4445
7810
7310
4662
8950
1603
5513
3893
344
631
4441
8489
7928
8867
8114
4784
2030
9096
5239
6226
8572
6445
4510
3286
7204
4236
9504
1846
9596
804
698
5744
1993
9902
7057
8444
4371
7286
1482
6985
7230
5153
39
5813
1202
6340
5070
4003
9012
9402
209
3058
1771
9281
7194
9019
8875
8019
519
1677
2082
6447
5510
4883
1758
5721
2432
263
4864
8592
1504
1825
6325
1919
7931
7351
4044
95
7235
6005
10
2813
902
8871
7145
8925
9924
6984
5873
2993
5620
4459
9576
7493
8
6064
4108
9853
5855
2884
1767
6140
5994
3018
8711
1934
9441
3873
7346
3589
5295
1281
904
3848
1611
7250
263
1783
8094
9492
1307
666
7860
6613
802
9334
4210
7465
7415
2273
4983
5551
2840
2335
1799
1684
8080
3924
7196
9346
1638
8616
1532
560
4127
7865
3058
7409
3822
7126
7224
5660
5980
8973
3729
8144
4404
9109
546
347
732
9921
8802
8087
3370
6008
3228
8157
9385
2209
6772
6869
7870
1814
581
1761
332
4649
2905
5293
3762
1440
9391
9264
9373
7150
7608
3513
5671
7691
8116
5346
8538
4745
3022
2194
3986
7949
725
1493
9579
8696
7371
9623
6573
8658
4167
7090
1050
6263
3354
2372
6960
3856
4854
2519
3622
1424
3811
7892
8091
4721
9899
6518
9274
5321
5065
8770
5646
4226
187
6855
7709
6343
6593
3708
6
918
4830
5471
1381
9432
6004
5791
7624
4528
4741
1151
4744
3267
4179
3493
5207
4089
2620
320
2236
3085
6781
4281
9726
4858
3865
3259
8593
4544
4348
1074
361
6765
5606
1044
1099
312
9308
4751
4749
612
5430
8010
4165
4480
3499
4977
1562
9708
5512
8457
5586
4467
5111
8382
1345
6537
8225
6248
3978
735
3075
2792
1523
7000
9676
7718
6413
6943
7339
1550
158
3018
9384
8889
7235
4568
6837
7888
5773
357
1869
3442
4036
6690
8556
9467
1503
4311
6215
6604
9201
6556
8933
1003
2574
9246
6542
3657
458
1844
2848
6216
1371
4370
640
9858
3922
5271
7733
6144
1763
610
4162
7142
3749
3304
1871
4291
6888
3516
3455
3949
6179
5527
4056
596
6826
6097
353
2544
2701
7178
8251
2018
9657
5087
545
1182
5868
1817
9359
508
5923
478
3763
2258
5644
3933
9865
5203
9163
8061
6808
8477
4254
3027
5677
7922
4818
3735
2794
9241
8473
4565
3820
1917
3367
3329
6471
1297
930
9539
138
874
1568
4874
1288
5769
1792
264
4237
5401
5737
2147
8137
5703
4978
376
1470
906
3413
9218
8118
4100
7337
8152
4181
1665
6829
8432
6734
8731
1228
7717
7447
3555
39
9777
7534
3021
8303
8569
4398
699
5108
4733
7773
5871
9571
9996
8183
8822
5876
4256
7209
6888
4581
5218
2303
6550
4292
3506
5882
1527
2491
6013
7208
2274
7120
1866
6046
6217
6327
7066
4538
467
9000
3657
387
3159
8702
3684
1801
8838
8453
6567
5919
7830
3227
3670
3509
7212
8316
6708
2798
5998
8227
1549
759
5598
3638
4320
8648
6212
6060
3402
726
3728
9845
343
970
1425
1114
2113
4624
5486
6813
666
2571
1063
1926
9318
7162
3851
3303
6474
4228
8939
1931
6674
6414
1847
1370
9500
6390
98
4375
8222
1468
1305
1801
921
2142
1860
3238
1190
5565
536
2649
9693
7572
7997
365
8094
9409
5229
1724
7592
9117
6541
3410
3900
7022
7447
6021
4349
3288
433
8196
2144
6437
5062
4634
649
4139
512
9706
3971
9121
3461
7591
9748
4591
8673
4523
2741
6183
5578
7929
5895
308
707
1535
2741
1517
2388
6514
3400
4381
3659
5098
5443
6316
6679
2851
3228
528
6904
4755
7371
887
2485
829
3232
8042
9253
3997
8392
9157
9141
4832
8766
6532
7898
4420
1611
1284
3398
767
7588
1229
1310
1178
8210
5990
2843
2106
2559
5145
4475
434
9248
1244
6856
2583
5599
1563
9176
1087
2776
8454
2313
313
4948
6447
1471
1879
9475
4689
5766
3731
3048
5317
3563
3217
4253
1481
5801
4819
1338
9628
9
9551
6422
4756
6435
5452
2800
482
2576
145
6489
1373
1358
4199
4150
8750
6609
5332
1433
7197
310
7568
8304
9317
2315
676
3043
8331
4482
6901
3604
9378
2352
9408
951
1522
1873
7904
9133
2307
967
8612
2815
3089
5880
3889
7690
887
2092
9020
3147
5777
5728
536
9760
338
8533
1854
6578
176
6046
8064
8785
4204
5508
8969
6111
4226
7737
6169
522
6812
7655
4221
4835
570
1555
7566
4657
4986
17
46
2398
7241
8769
1573
1861
9855
6139
6215
5905
9591
7565
584
2458
567
4598
3649
5984
8058
5290
1651
7448
6991
4740
7144
8772
8259
216
4989
145
5270
4445
1961
1089
4692
8621
4297
3957
9555
1180
495
6720
983
9813
7748
3818
1877
9770
9734
8504
1601
9971
1251
54
922
34
1163
890
4320
2270
5422
6253
9685
7933
4343
8858
176
2943
43
5490
6102
1549
3370
808
1906
2038
570
2456
4048
7768
3386
3091
2445
3116
2375
9886
6083
6205
3164
291
9016
6004
7689
4612
140
9454
4073
2001
3495
139
650
3884
3755
4494
3376
5321
3888
4207
9368
7856
4122
6053
8333
5333
1009
1124
2200
2823
2165
126
3424
773
6533
3873
2263
3321
3965
371
1492
1918
9226
4117
8883
5522
1461
1883
1441
2118
3287
2610
5973
9977
9527
3532
5487
4314
9910
7272
4380
4038
794
3923
3924
6047
3035
1913
4213
6149
1555
9863
623
4569
1731
3545
3877
1737
4511
1857
5777
4969
9245
2650
6747
1074
5688
1580
6912
1305
7913
72
4625
7241
9428
385
2854
8817
9792
2033
5234
3307
4471
9084
7138
9561
1477
4127
5836
1338
9915
8353
3970
5161
4823
5401
7031
8316
6328
7734
8098
6411
2583
7046
3995
3095
3791
9212
2043
3371
7428
4642
4222
7362
3241
9043
4527
3500
8821
2736
581
9133
8617
9455
4414
9379
6462
4927
4571
294
5625
4904
9301
4510
3410
7501
866
2848
5423
9879
6997
2538
3532
2605
884
5013
2468
1188
7290
4349
1502
690
2676
8880
7402
3415
191
4157
948
4724
1776
9941
3626
2837
6353
5319
9525
7121
9794
1252
6751
6761
2511
5745
5664
5235
6861
1980
2369
2393
8182
3540
1389
1856
6431
159
4267
6225
7494
759
7920
1559
2936
4034
9317
5624
555
2168
8927
5090
8484
8145
5295
5236
9013
3589
2058
5025
4697
313
85
8040
5189
7160
2202
4823
2064
9534
7858
4499
867
2053
1453
9608
4589
1673
1605
9615
2950
8904
9386
2496
8511
3425
5965
6367
2572
166
5446
102
3794
8345
7192
7234
3141
4122
4872
2719
3346
4571
171
7528
8164
4202
1011
9446
2793
6585
8259
510
7616
5073
1230
6137
2186
8317
9722
5978
5313
6218
4140
2294
9489
899
6738
7272
7786
5273
1477
9698
6688
5935
7903
9160
4820
9687
5114
899
7490
3523
1487
605
2637
8513
485
5076
8014
3526
3607
7084
4728
1450
3513
778
8013
6913
1948
3184
8964
581
9985
6441
6489
1445
6345
656
4375
5768
1895
1991
2740
2013
8981
572
6474
9466
8210
589
5269
9557
958
5130
8916
583
8605
511
6096
1420
1815
3002
1966
7522
778
6789
1919
3337
6375
4848
9580
9691
2285
5864
7766
2649
8582
7636
9758
6088
2013
4769
4575
3639
4445
9564
5322
7616
2929
7798
6077
8532
4264
4515
8497
1466
7457
7741
5556
1333
2170
5484
4186
3520
5523
5948
8382
8541
542
2404
1357
8445
1425
2733
3519
9366
6464
2574
6910
4947
2610
1447
5178
2931
3489
6594
4515
5128
3047
3179
9144
8997
3342
8001
6043
7800
8306
8039
9845
9807
1034
6730
4767
9060
6739
5994
1288
7779
7635
2694
2875
1801
9014
962
5521
4565
2967
5222
3648
4903
5850
7504
4492
2136
1462
3248
1545
5702
3209
8852
6868
210
4944
7781
3058
7693
8284
7260
1606
2831
4036
220
7409
5487
5112
3315
5279
238
3411
5283
4749
2029
9255
5564
8318
2631
4592
9952
7453
3308
1032
5427
9955
1340
9982
1848
2542
9504
4205
1842
3756
2517
5523
6492
8085
720
2635
3192
4773
7226
6648
3469
5357
335
1992
5839
1390
6066
4283
8860
6886
9795
1177
7460
8082
9791
3009
5306
8223
3560
4438
7722
2156
7592
4264
6033
7134
8885
3887
9847
2640
4102
9017
9231
8521
7693
7542
906
5652
2553
2241
7189
8085
9711
1667
1925
4426
9379
366
9879
1433
2886
2014
9319
9684
6290
5330
5671
5242
7911
6354
5806
4636
9135
5209
5941
8372
3041
6644
3293
9229
7943
2858
3435
7142
5777
294
5480
2272
8666
2661
7033
3710
2607
1110
7272
6074
3362
7526
482
8734
9676
2111
9030
6758
4114
1682
2350
3729
5338
740
2727
482
4734
3088
3417
1632
8370
6750
1006
9969
8809
4142
3802
6690
5091
1703
5631
5821
9365
6117
5948
5354
2145
1371
5434
8562
9723
9791
734
7591
9391
8079
3276
9891
8443
7905
2754
1551
7120
6442
7963
2042
4436
9858
182
6783
2695
8694
1233
5882
445
6727
1196
8631
6284
2826
7898
5953
3988
5441
6819
4324
5061
7447
4179
9220
8605
6751
3139
4547
8521
4880
4058
7462
1836
6075
87
6602
391
3091
6704
3895
4173
5852
363
636
4081
6591
6089
5390
5534
7013
2569
310
2667
1718
5725
9018
2073
4322
4377
1960
6548
9144
88
2713
5049
6798
9408
577
6139
3668
5337
2863
7740
254
4123
9838
9028
2172
1321
8093
4196
4262
1406
2884
1339
9897
3717
5910
8678
9681
5632
2700
127
1411
5432
1914
3008
9728
4928
478
4662
4059
3785
3941
9898
670
6897
2405
2892
7572
1335
4192
2291
2986
3538
2584
9036
1729
3337
5879
1747
303
5738
6880
682
5494
273
2044
8510
8084
7991
6531
6689
3208
6006
9319
6936
3817
3291
2816
337
8102
4432
9065
6305
8825
5531
7882
2152
75
4058
2638
4272
2698
5693
103
9355
3077
1670
1351
711
9529
5619
232
630
4693
2611
5129
8939
9311
3287
5808
7439
6349
7862
8783
889
9856
244
2969
2465
5137
4814
4729
5652
3373
9272
272
9102
1084
449
42
1631
1750
7712
2061
9513
9963
2945
1721
9856
4065
2107
9179
3909
3858
3365
3981
5798
5905
9620
4385
7072
6613
8357
9798
3451
8409
9086
1803
8254
787
812
6126
4470
8250
6869
7986
8113
2392
3237
5928
832
2509
790
2846
7105
9704
3156
97
4200
1902
8454
4142
5310
3422
5772
38
17
3102
6690
71
4483
4219
7020
6501
2413
4542
2860
6852
9896
7489
1289
186
4560
3242
860
7275
7296
3120
1250
4976
2337
8829
3764
1989
9124
9585
3084
7525
8616
7355
1846
325
6406
9870
1513
5000
1156
3203
7906
4501
2637
6411
6291
8930
5819
625
3759
4917
5669
3112
7849
3944
5820
8696
2103
4335
8371
6631
2659
1510
9724
7646
2820
8232
9599
7180
3191
1366
6726
8518
7220
531
311
4093
103
7122
4821
958
4413
4830
843
6522
9791
444
4732
7756
4487
1808
8176
4290
6621
1251
1725
1075
472
2365
7569
2288
8360
5284
490
9026
4738
6543
2734
6010
5992
4276
308
1478
5980
3172
3506
1561
6057
7940
5528
3846
517
2213
8697
5985
3987
2517
3454
9596
9144
6086
8730
2793
9684
1182
5934
7582
3996
7961
5027
4599
3749
4112
9152
6754
5928
7718
4880
