2104
9021
9183
6948
5893
1119
7344
9818
8450
1948
3073
615
1295
9004
765
8484
379
9327
154
7171
9171
9704
5485
2255
6871
3175
3196
9389
6460
5527
1908
1471
9476
8853
7681
6629
1767
3888
7031
3187
3947
7941
272
3967
698
7718
3482
8731
721
4823
8137
6207
2667
3446
4635
1767
3719
2788
1871
5396
2599
5410
558
8918
9211
4839
6566
7424
80
1599
8521
9854
3450
9929
5503
3898
5120
9152
4177
2428
2170
7385
5981
4983
2400
4
5478
3359
9127
1207
3614
6560
9580
2463
1296
3907
2017
4787
7028
2066
1052
3870
2944
46
8819
7707
3132
5051
2755
3220
4695
2996
7792
438
1268
2243
8061
7369
6423
8291
8723
315
7136
612
9374
8375
2577
3815
2758
8658
8591
7071
8111
5433
8695
5444
1142
753
9078
6994
7845
5675
9036
1776
767
3834
2238
3448
9183
9748
883
7141
9190
4681
5753
88
8343
8271
9910
5411
5496
6846
43
2297
1289
1700
1373
7178
9898
9886
3229
8608
5202
4520
1334
3335
4484
7712
6989
2398
4318
8304
8906
5450
2975
2277
555
9411
6988
676
3591
7968
9008
2884
9077
1854
2254
3114
2257
5085
4282
9440
1897
5034
2383
9671
3836
4079
624
7494
3565
6891
3498
6413
5430
748
2939
9244
8739
5955
2104
7484
5642
8362
9375
5749
7316
2831
3560
5181
8240
4182
4606
2539
9678
7432
8443
3704
9724
7508
7561
1079
5693
4176
7596
9816
3751
6318
562
7095
4600
5782
2021
6073
578
2615
9260
124
2652
2070
4687
9936
1845
506
564
9892
842
3954
7048
2990
5940
8951
4941
9977
5032
8297
676
9469
7061
131
4571
3295
6401
7804
1588
6089
7356
4401
4208
8814
1125
6859
5327
7816
4664
6978
6319
1020
3353
9315
5574
491
2794
685
458
2940
5130
4016
9724
5899
8689
1233
3278
1430
2080
947
4168
6219
9746
3739
7347
2716
8818
9655
1471
7386
6877
5553
1671
1006
1450
1016
5951
4183
760
9130
8302
5099
7043
4999
3782
7585
9044
9432
7545
6080
4984
1730
2965
5728
7998
9403
8657
1980
5292
2906
5005
8925
5600
9848
1548
4271
3634
1142
433
612
5573
1114
4959
9530
9383
9105
9328
7140
9492
6071
8293
484
4001
5814
4576
1358
3410
9791
1231
5012
3349
0
12
6622
4303
2582
1414
1392
9813
6351
1396
359
8733
9370
5761
7913
4339
7830
9452
2443
8345
4180
7475
3414
3881
4434
9589
6697
6264
3509
9512
658
9618
8521
4655
850
6087
345
4080
1203
3561
7369
9334
5426
193
5438
7613
4361
2717
2838
3230
6728
8129
4224
5509
6367
540
4530
41
2772
7989
9528
3662
1090
7770
5611
6677
8045
2894
2513
8414
9162
6394
3019
5644
8983
3900
1639
4970
3037
5946
8989
9954
5728
7991
4002
1330
2939
3244
8076
9965
7793
4948
6909
2448
9726
1019
6151
2830
6681
1943
2083
3227
6027
2638
2959
7319
6776
9948
3246
1469
6157
3169
8112
4244
9409
6203
571
2725
846
1971
3116
2117
1857
1513
3704
5963
4558
5425
2732
852
864
1570
9976
4657
5849
9079
1467
8403
6200
4118
8102
9774
6581
3314
6362
8856
1362
1592
6795
1363
4355
6554
9710
7674
3121
6579
2007
4061
8517
3689
5918
423
6733
8625
7318
1936
5202
808
4768
8683
8758
2346
9042
5792
6079
2715
4527
8345
6799
5992
5009
1950
9642
7562
5677
8164
2120
2968
7442
8843
7528
6236
9604
896
4315
3605
9348
5215
3227
9876
4618
1988
1484
1531
2863
7855
4490
878
6565
5048
6075
5177
9788
3626
1387
4415
3936
8798
9394
8046
7344
3421
5427
7626
1824
670
2852
6145
4710
5509
7888
5300
6475
7237
3406
9544
7568
1795
435
6527
684
3396
5150
7349
5129
8992
6193
4192
7589
9751
8600
667
4766
9152
3799
7909
3628
7353
3178
4798
9869
2547
7098
2956
4755
2186
9273
8667
2582
1359
1099
7467
3932
8770
13
7262
9658
4222
45
4152
8813
8610
1466
5376
9317
5871
4280
4131
4181
4430
3640
1154
3155
354
822
7940
5356
9477
3738
8702
1272
1557
6454
4977
9589
5075
9720
7123
6713
7203
7117
2574
4250
9166
460
7411
1688
6009
94
8474
6520
9087
399
7917
5291
2034
8597
6638
2542
1476
2653
6649
9814
8254
2858
4314
8098
1604
1254
2214
7845
7626
781
4070
958
729
1481
9692
7864
5151
3674
361
214
9418
8281
664
1747
7138
3716
84
7841
6889
1023
4076
6676
9784
3143
1971
1963
214
2734
6388
1495
443
5143
3530
7832
3335
7248
7386
6090
1718
8155
5682
7055
5185
5848
7080
4534
8755
9687
6162
1233
3841
4818
4155
9508
2960
5684
9463
799
6657
9287
1533
2449
8122
8726
4338
4400
2554
3801
4272
6106
9296
4839
3123
99
7750
4121
7329
6158
615
5449
1254
5583
2126
4310
7856
5770
4259
1267
9354
1111
5717
1690
5574
3916
4798
4394
5217
1515
7961
7398
2984
7561
1921
3921
3420
2954
7142
1729
812
6741
4288
4555
4394
6480
4261
36
1545
7403
2683
9982
2690
4832
3797
3410
4506
8484
3551
3971
2917
8355
9277
1247
8341
9222
7923
8598
4459
4813
6097
6621
6940
4639
5160
4738
4439
3299
4733
7786
7496
5423
8556
6762
3748
5018
6745
8657
536
4284
5981
1930
2986
7270
5862
4235
4927
5162
389
4620
5246
3913
1556
1912
4028
7474
1086
2481
1952
1924
4792
2846
8886
77
1093
2381
1679
4658
